-611.1919,-611.1919,-611.1919,-456.49387,-348.47324,-323.99646,-248.06102,-178.02243,-157.95934,-147.16078,-164.38899,-209.41617,-256.85892,-265.98853,-198.6312,-173.22046,-194.07932,-269.46558,-368.19904,-424.49747,-392.0302,-331.35904,-303.53085,-286.25598,-293.8503,-320.1483,-365.375,-391.89072,-429.69464,-368.44757,-268.44702,-197.89438,-180.24663,-212.38824,-274.58038,-356.44272,-422.28693,-377.82443,-288.83783,-248.14313,-276.54785,-370.5866,-450.9759,-351.69388,-287.11752,-281.3127,-327.5857,-370.7466,-412.63696,-477.25568,-559.4166,-600.7437,-611.1919,-611.1919,-611.1919,-611.1919,-611.1919,-611.1919,-611.1919,-611.1919,-611.1919,-611.1919,-611.1919,-611.1919,-611.1919,-611.1919,-611.1919,-611.1919,-611.1919,-611.1919,-611.1919,-611.1919,-611.1919,-611.1919,-611.1919,-611.1919,-611.1919
0.21930939,0.21930939,0.21930939,31.290524,30.116226,14.452276,82.18908,146.93588,165.82076,191.14774,217.04474,221.57051,185.34415,83.68962,111.24469,158.05644,175.19397,169.71313,149.41158,140.08961,80.16941,71.7319,84.33709,105.81388,106.94449,98.852715,75.09283,87.547165,111.92098,153.13533,193.47188,197.82484,185.89003,176.73872,180.54897,175.51765,167.43903,204.84245,196.5221,186.23293,175.36552,147.39352,110.21296,91.51231,119.793274,174.9256,216.06477,206.77312,189.61946,146.76859,65.22991,14.303775,0.21930939,0.21930939,0.21930939,0.21930939,0.21930939,0.21930939,0.21930939,0.21930939,0.21930939,0.21930939,0.21930939,0.21930939,0.21930939,0.21930939,0.21930939,0.21930939,0.21930939,0.21930939,0.21930939,0.21930939,0.21930695,0.21930695,0.21930695,0.21930695,0.21930939
0.8773482,0.8773482,0.8773482,-35.131645,-53.723866,-57.332317,-57.297337,-90.33106,-113.90173,-111.02322,-88.505974,-63.233387,-44.20498,-41.54856,-55.883865,-69.46495,-61.955116,-41.78033,-9.582239,21.188974,-4.1006656,-19.69395,-12.933314,-9.875334,-1.4876264,7.9619555,11.477876,14.568546,28.892042,-1.5744741,-39.83076,-72.24589,-87.84828,-80.537766,-44.43297,-0.33265078,39.999107,21.407972,-41.11426,-53.493927,-36.27056,-7.4027643,13.176369,-33.141464,-52.33917,-25.155125,30.532207,58.984127,65.00012,60.660995,30.721134,7.359372,0.8773482,0.8773482,0.8773482,0.8773482,0.8773482,0.8773482,0.8773482,0.8773482,0.8773482,0.8773482,0.8773482,0.8773482,0.8773482,0.8773482,0.8773482,0.8773482,0.8773482,0.8773482,0.8773482,0.8773482,0.87734795,0.87734795,0.87734795,0.87734795,0.8773482
-0.20490232,-0.20490232,-0.20490232,15.870567,44.5127,61.14395,57.57681,19.316568,-11.576326,-30.811447,-41.716938,-47.68418,-25.124357,60.23452,44.45283,25.793884,15.319538,-2.7647552,-6.1099377,1.9357119,46.87986,76.594124,102.788124,102.91919,107.459595,107.665565,107.919716,81.56136,41.060844,-7.7491164,-32.171642,-33.10722,-31.98619,-34.40936,-29.647202,-17.504404,-2.33778,-34.860405,-35.51684,-19.744469,-5.794981,3.4627283,16.411974,34.78987,17.703941,-0.24641979,-0.5992767,12.934501,7.7080183,4.27164,2.3485563,1.6743673,-0.20490232,-0.20490232,-0.20490232,-0.20490232,-0.20490232,-0.20490232,-0.20490232,-0.20490232,-0.20490232,-0.20490232,-0.20490232,-0.20490232,-0.20490232,-0.20490232,-0.20490232,-0.20490232,-0.20490232,-0.20490232,-0.20490232,-0.20490232,-0.20490265,-0.20490265,-0.20490265,-0.20490265,-0.20490232
-0.014044996,-0.014044996,-0.014044996,-18.977299,-27.386587,-26.821106,-42.495014,-61.430912,-67.9394,-70.64186,-69.47474,-63.15413,-52.57497,-39.097206,-47.282555,-59.50047,-60.226345,-51.224438,-37.529774,-28.354195,-26.699734,-32.74963,-37.516483,-41.8614,-40.55175,-36.18184,-29.6328,-28.255339,-24.884048,-36.10329,-52.426693,-61.79861,-63.173737,-58.757824,-50.884743,-39.80838,-29.39192,-38.795307,-53.04779,-55.9408,-50.7275,-37.769035,-25.27152,-35.365776,-44.822186,-48.463573,-43.693123,-35.867252,-29.50266,-19.955027,-8.069676,-1.9341274,-0.014044996,-0.014044996,-0.014044996,-0.014044996,-0.014044996,-0.014044996,-0.014044996,-0.014044996,-0.014044996,-0.014044996,-0.014044996,-0.014044996,-0.014044996,-0.014044996,-0.014044996,-0.014044996,-0.014044996,-0.014044996,-0.014044996,-0.014044996,-0.014045715,-0.014045715,-0.014045715,-0.014045715,-0.014044996
1.3141221,1.3141221,1.3141221,11.566077,17.196373,18.555223,17.720177,26.317268,32.717552,31.368086,24.351057,16.833508,11.897177,13.102756,16.753248,20.085175,17.622898,11.630513,2.4387572,-6.3860817,2.1467633,7.0835466,5.2289934,4.0916386,1.6647258,-1.0061914,-1.727649,-3.0247252,-7.9186625,0.0040929234,10.465307,19.876543,24.589476,22.545296,11.9938545,-0.714327,-12.277709,-7.6020417,10.830567,14.699547,9.92215,1.9370627,-3.4908638,10.428677,15.509833,6.702937,-10.101984,-18.20048,-19.80161,-18.019487,-8.224006,-0.73813546,1.3141221,1.3141221,1.3141221,1.3141221,1.3141221,1.3141221,1.3141221,1.3141221,1.3141221,1.3141221,1.3141221,1.3141221,1.3141221,1.3141221,1.3141221,1.3141221,1.3141221,1.3141221,1.3141221,1.3141221,1.3141222,1.3141222,1.3141222,1.3141222,1.3141221
-1.5533553,-1.5533553,-1.5533553,-6.959887,-10.830534,-12.087052,-12.892755,-14.874154,-15.593466,-14.31606,-11.510525,-8.425768,-7.361782,-11.381955,-12.190775,-13.181815,-11.949912,-8.454266,-4.4555197,-1.5382427,-6.4515867,-10.053111,-11.355963,-11.377147,-10.80079,-9.666164,-8.962555,-7.001976,-2.9972243,-3.5013773,-6.5389333,-10.027065,-11.600465,-10.512433,-7.0164075,-3.0400658,0.39102924,0.0710859,-6.5536575,-8.796828,-7.7363677,-4.873986,-3.0070608,-8.960402,-10.245516,-6.8875675,-1.4643443,0.82649726,2.0962765,2.4867892,0.5526607,-1.1938075,-1.5533553,-1.5533553,-1.5533553,-1.5533553,-1.5533553,-1.5533553,-1.5533553,-1.5533553,-1.5533553,-1.5533553,-1.5533553,-1.5533553,-1.5533553,-1.5533553,-1.5533553,-1.5533553,-1.5533553,-1.5533553,-1.5533553,-1.5533553,-1.5533552,-1.5533552,-1.5533552,-1.5533552,-1.5533553
0.74961,0.74961,0.74961,-2.6135707,-1.8932716,0.43728942,-9.043074,-17.341019,-19.46883,-23.174639,-27.443924,-28.775597,-24.131222,-9.667865,-13.238014,-19.451572,-22.068672,-21.898615,-19.914873,-19.39836,-10.17541,-8.469896,-10.295838,-13.373841,-13.737289,-12.857116,-9.615013,-11.539465,-15.501273,-20.670261,-25.405487,-25.166412,-23.082447,-22.001085,-23.464293,-23.869766,-23.749067,-28.621176,-25.781773,-23.966032,-22.846977,-19.641861,-14.921469,-11.023092,-14.556408,-23.070467,-30.30844,-29.715216,-27.493702,-21.381638,-9.150978,-1.387298,0.74961,0.74961,0.74961,0.74961,0.74961,0.74961,0.74961,0.74961,0.74961,0.74961,0.74961,0.74961,0.74961,0.74961,0.74961,0.74961,0.74961,0.74961,0.74961,0.74961,0.749609,0.749609,0.749609,0.749609,0.74961
0.34487176,0.34487176,0.34487176,0.047768425,-2.482363,-4.280892,-3.6918635,2.1985884,6.732336,8.868352,9.258942,8.918864,5.4746747,-4.6356163,-2.1958463,0.62821954,1.5699109,2.7975333,1.8177782,-0.37836766,-4.629193,-7.403152,-10.622683,-10.702167,-11.558363,-11.989135,-12.2196245,-9.308702,-5.2202516,1.6811769,6.1235833,7.5587525,8.03339,7.98934,5.9899087,2.8023527,-0.5894769,3.9693604,6.578083,5.2524424,2.9333746,0.6380945,-1.7676098,-2.0316088,0.7631928,1.8420123,-0.27956253,-3.0072057,-2.7015798,-2.239853,-1.0004758,-0.09686098,0.34487176,0.34487176,0.34487176,0.34487176,0.34487176,0.34487176,0.34487176,0.34487176,0.34487176,0.34487176,0.34487176,0.34487176,0.34487176,0.34487176,0.34487176,0.34487176,0.34487176,0.34487176,0.34487176,0.34487176,0.34487176,0.34487176,0.34487176,0.34487176,0.34487176
-0.5086643,-0.5086643,-0.5086643,-3.311199,-7.6018634,-9.966411,-9.678787,-4.8005605,-0.7066461,2.0143821,3.7627752,4.901797,2.0053353,-9.877071,-7.843477,-5.505607,-3.9836962,-1.1417434,-0.22954714,-0.9952219,-7.544493,-11.961174,-15.693361,-15.750506,-16.308147,-16.200584,-16.126995,-12.349053,-6.4373403,0.097481586,3.0374255,2.7867014,2.4855123,2.9446466,2.66213,1.438573,-0.24495727,4.0915923,3.4728963,1.1071771,-0.6611338,-1.5795467,-3.0896807,-6.19363,-4.0414944,-1.3190504,-0.7507364,-2.3299515,-1.4558462,-0.8859492,-0.7209321,-0.7470743,-0.5086643,-0.5086643,-0.5086643,-0.5086643,-0.5086643,-0.5086643,-0.5086643,-0.5086643,-0.5086643,-0.5086643,-0.5086643,-0.5086643,-0.5086643,-0.5086643,-0.5086643,-0.5086643,-0.5086643,-0.5086643,-0.5086643,-0.5086643,-0.50866437,-0.50866437,-0.50866437,-0.50866437,-0.5086643
1.0268801,1.0268801,1.0268801,5.4318137,8.698484,10.077954,7.7937512,9.506039,11.515146,9.815456,5.52085,1.6519905,0.66045165,5.5684943,6.2786818,6.304538,4.4676805,1.3834708,-2.5705905,-6.434611,0.14029244,3.3092594,2.574749,1.4544832,0.33656603,-0.7339061,-0.43452463,-1.8903003,-5.6786423,-3.885709,-0.3791478,4.029987,6.646983,5.8615823,0.75467855,-5.0160656,-10.100844,-9.460607,-0.33279285,2.1030214,0.34934527,-2.5731537,-3.946872,3.6182084,4.9829264,-1.0959442,-10.329832,-13.741417,-14.151962,-12.196987,-5.2918296,-0.30861622,1.0268801,1.0268801,1.0268801,1.0268801,1.0268801,1.0268801,1.0268801,1.0268801,1.0268801,1.0268801,1.0268801,1.0268801,1.0268801,1.0268801,1.0268801,1.0268801,1.0268801,1.0268801,1.0268801,1.0268801,1.0268801,1.0268801,1.0268801,1.0268801,1.0268801
-0.94461507,-0.94461507,-0.94461507,-7.2634964,-12.175686,-13.718921,-16.789957,-17.81955,-16.663578,-15.304302,-13.559683,-11.128309,-10.672285,-16.010134,-16.471586,-17.613932,-16.633842,-12.546782,-8.659285,-6.877384,-11.371341,-15.873908,-19.362501,-20.271866,-20.274853,-19.16751,-17.716202,-14.786881,-9.813617,-8.02161,-9.877968,-12.414588,-13.107408,-11.780637,-9.876431,-7.854013,-6.3259063,-5.529292,-9.745645,-12.128761,-12.0409775,-9.619977,-7.804712,-12.631265,-13.349287,-11.870719,-9.762289,-8.850691,-6.8469844,-4.535057,-2.3630607,-1.4232315,-0.94461507,-0.94461507,-0.94461507,-0.94461507,-0.94461507,-0.94461507,-0.94461507,-0.94461507,-0.94461507,-0.94461507,-0.94461507,-0.94461507,-0.94461507,-0.94461507,-0.94461507,-0.94461507,-0.94461507,-0.94461507,-0.94461507,-0.94461507,-0.9446144,-0.9446144,-0.9446144,-0.9446144,-0.94461507
0.34595072,0.34595072,0.34595072,1.588726,2.8933146,3.8883946,-0.2648979,-0.32376406,1.399654,-0.09443226,-3.6974442,-6.330845,-6.367082,-1.9494885,-1.9835849,-3.1917102,-4.778766,-6.0488377,-7.8511434,-10.427068,-5.097491,-3.6286335,-5.573041,-7.209324,-8.185782,-8.607466,-7.4675317,-8.033885,-10.174206,-8.840965,-7.160593,-4.258105,-2.016405,-2.1090035,-5.9539957,-10.167689,-13.888969,-13.782816,-7.144793,-5.608888,-6.879698,-8.116967,-8.04722,-2.7307682,-2.302877,-8.049877,-16.040508,-18.499537,-17.914051,-14.743252,-6.6811156,-1.2019132,0.34595072,0.34595072,0.34595072,0.34595072,0.34595072,0.34595072,0.34595072,0.34595072,0.34595072,0.34595072,0.34595072,0.34595072,0.34595072,0.34595072,0.34595072,0.34595072,0.34595072,0.34595072,0.34595072,0.34595072,0.34595084,0.34595084,0.34595084,0.34595084,0.34595072
0.9554055,0.9554055,0.9554055,-2.0176172,-3.3541825,-3.2889383,-5.565712,-8.529904,-9.647402,-10.07099,-9.804103,-8.761104,-7.086252,-4.989154,-6.3266335,-8.1554575,-8.213555,-6.811575,-4.6335177,-3.1185575,-2.947133,-3.8690856,-4.465471,-5.073139,-4.8295474,-4.1433187,-3.1571803,-2.9806223,-2.4958003,-4.4032683,-7.045124,-8.59866,-8.886904,-8.202379,-6.8397007,-4.9494348,-3.1849144,-4.717706,-7.1133485,-7.5920663,-6.713758,-4.627214,-2.6554499,-4.369514,-5.9037266,-6.3279862,-5.33466,-4.022154,-3.0687392,-1.6885734,-0.07972717,0.7118993,0.9554055,0.9554055,0.9554055,0.9554055,0.9554055,0.9554055,0.9554055,0.9554055,0.9554055,0.9554055,0.9554055,0.9554055,0.9554055,0.9554055,0.9554055,0.9554055,0.9554055,0.9554055,0.9554055,0.9554055,0.9554055,0.9554055,0.9554055,0.9554055,0.9554055
0.5589548,0.5589548,0.5589548,1.4814097,3.2799814,4.582126,1.9039932,-0.38203755,-1.1131603,-2.8627453,-5.205011,-6.689315,-5.3859434,1.2433124,0.2630868,-1.5147021,-2.8337357,-4.1195974,-4.86606,-5.5868526,-0.68313354,1.3295463,1.4624385,0.52597284,0.2709192,0.16921598,0.9310206,-0.57341826,-3.515891,-5.4251494,-6.120665,-4.905468,-3.7360508,-3.7889326,-5.343117,-6.657381,-7.5972967,-9.314129,-6.2717338,-4.8126407,-4.6776924,-4.549672,-3.5900943,-0.24252829,-1.071003,-4.966857,-8.974786,-9.409373,-9.2006645,-7.494934,-3.137556,-0.19480963,0.5589548,0.5589548,0.5589548,0.5589548,0.5589548,0.5589548,0.5589548,0.5589548,0.5589548,0.5589548,0.5589548,0.5589548,0.5589548,0.5589548,0.5589548,0.5589548,0.5589548,0.5589548,0.5589548,0.5589548,0.55895483,0.55895483,0.55895483,0.55895483,0.5589548
0.60158587,0.60158587,0.60158587,-0.8983272,-3.2387688,-4.37407,-5.883464,-2.953483,0.23702171,1.358832,1.1085576,0.8849494,-0.874782,-6.6222,-5.4539084,-4.4903073,-4.1131186,-2.7094514,-2.683943,-4.0629325,-6.183552,-8.477489,-11.59632,-12.280024,-12.989931,-13.045245,-12.502012,-10.313395,-7.3691287,-2.8536816,-0.51427925,0.33306438,0.97246015,1.2702367,-0.28171656,-2.5357716,-4.912242,-2.2182698,-0.20944771,-1.1636822,-2.7144213,-3.628474,-4.434663,-4.4961824,-3.0754135,-3.5637016,-6.18122,-8.043886,-7.2139997,-5.5601172,-2.2761583,-0.15134026,0.60158587,0.60158587,0.60158587,0.60158587,0.60158587,0.60158587,0.60158587,0.60158587,0.60158587,0.60158587,0.60158587,0.60158587,0.60158587,0.60158587,0.60158587,0.60158587,0.60158587,0.60158587,0.60158587,0.60158587,0.60158587,0.60158587,0.60158587,0.60158587,0.60158587
0.033685803,0.033685803,0.033685803,-1.9913344,-3.0623052,-3.3436587,-2.7021017,-4.577614,-6.208511,-5.899052,-4.193145,-2.4753902,-1.3812989,-1.5998158,-2.4116848,-3.0063105,-2.402605,-1.2142719,0.74772924,2.8008375,0.8118182,-0.12086109,0.6445385,1.0634274,1.6755201,2.23889,2.2458227,2.3930464,3.3209662,1.3167003,-1.0542947,-3.2175503,-4.385424,-3.9962323,-1.4757417,1.5521367,4.315957,3.1937287,-1.1358689,-1.965977,-0.80616385,0.9425031,2.0644588,-1.1328002,-2.277121,-0.0169412,4.1632304,6.0977507,6.3010507,5.561636,2.7153242,0.6249505,0.033685803,0.033685803,0.033685803,0.033685803,0.033685803,0.033685803,0.033685803,0.033685803,0.033685803,0.033685803,0.033685803,0.033685803,0.033685803,0.033685803,0.033685803,0.033685803,0.033685803,0.033685803,0.033685803,0.033685803,0.033685833,0.033685833,0.033685833,0.033685833,0.033685803
0.5000822,0.5000822,0.5000822,1.1478246,2.5173554,3.5077567,1.6448072,-0.24512334,-0.99972457,-2.3208714,-3.9494464,-4.9496865,-3.865212,1.2434212,0.42975828,-0.9373399,-1.8909038,-2.842243,-3.2997835,-3.672034,-0.072363384,1.464675,1.7417277,1.1067779,0.98008794,0.9333908,1.468656,0.27298176,-1.9781352,-3.6781714,-4.4044046,-3.6520636,-2.877921,-2.9119773,-3.864151,-4.5847054,-5.039025,-6.472383,-4.5285172,-3.4551845,-3.2324355,-3.014209,-2.221014,0.087272756,-0.6397386,-3.3713386,-5.9995246,-6.145556,-6.021101,-4.878049,-1.9589261,0.008717352,0.5000822,0.5000822,0.5000822,0.5000822,0.5000822,0.5000822,0.5000822,0.5000822,0.5000822,0.5000822,0.5000822,0.5000822,0.5000822,0.5000822,0.5000822,0.5000822,0.5000822,0.5000822,0.5000822,0.5000822,0.50008214,0.50008214,0.50008214,0.50008214,0.5000822
-0.2230115,-0.2230115,-0.2230115,-1.8533933,-4.326333,-5.710045,-5.27226,-2.532613,-0.35529986,1.2571182,2.4595697,3.2569723,1.6366346,-5.278662,-4.1406474,-2.7468476,-1.7949411,-0.13604096,0.47810176,0.20852599,-3.7826934,-6.3335204,-8.284324,-8.207898,-8.457428,-8.374059,-8.409516,-6.2688675,-2.8420165,0.7207754,2.2628965,1.9442849,1.634164,1.8931012,1.9758393,1.555719,0.8471539,3.2633708,2.50804,1.0925682,0.18441585,-0.25593007,-1.1097363,-3.1727016,-1.9956475,-0.11051571,0.71158403,-0.017996706,0.4272308,0.5371912,0.11016788,-0.25596616,-0.2230115,-0.2230115,-0.2230115,-0.2230115,-0.2230115,-0.2230115,-0.2230115,-0.2230115,-0.2230115,-0.2230115,-0.2230115,-0.2230115,-0.2230115,-0.2230115,-0.2230115,-0.2230115,-0.2230115,-0.2230115,-0.2230115,-0.2230115,-0.22301155,-0.22301155,-0.22301155,-0.22301155,-0.2230115
-0.21076009,-0.21076009,-0.21076009,2.038622,4.1969285,5.1037216,5.498834,4.89208,4.0190015,3.080095,2.0323722,0.99122125,1.3767871,5.197394,4.9859514,4.743049,4.079887,2.4175286,1.0960073,0.5563184,3.2993805,5.355339,6.734634,6.8398867,6.856991,6.518102,6.2161264,4.7541175,2.2748928,0.8035515,0.92220765,1.8682113,2.2877662,1.8536998,1.0854822,0.41629654,0.003978609,-0.9408226,0.79285216,1.956534,2.1343687,1.5488559,1.3358535,3.5757859,3.4381104,2.1160321,0.8145136,0.6522746,0.028918337,-0.4179803,-0.36970183,-0.17193453,-0.21076009,-0.21076009,-0.21076009,-0.21076009,-0.21076009,-0.21076009,-0.21076009,-0.21076009,-0.21076009,-0.21076009,-0.21076009,-0.21076009,-0.21076009,-0.21076009,-0.21076009,-0.21076009,-0.21076009,-0.21076009,-0.21076009,-0.21076009,-0.21076,-0.21076,-0.21076,-0.21076,-0.21076009
-0.22992156,-0.22992156,-0.22992156,-2.4871256,-3.1407259,-2.7390084,-5.513419,-8.555263,-9.551359,-10.333339,-10.784258,-10.338643,-8.639891,-5.245976,-6.5374975,-8.605354,-9.043983,-8.176483,-6.577116,-5.5796447,-4.130545,-4.4398994,-5.087074,-5.912305,-5.817164,-5.270097,-4.211288,-4.384765,-4.647174,-6.52924,-8.806943,-9.706067,-9.573356,-9.005182,-8.401454,-7.3288116,-6.2426124,-7.8728976,-8.936464,-8.948804,-8.255268,-6.547221,-4.6803646,-5.134743,-6.5567994,-8.0405655,-8.486232,-7.5987873,-6.6979513,-4.987713,-2.2724013,-0.6868417,-0.22992156,-0.22992156,-0.22992156,-0.22992156,-0.22992156,-0.22992156,-0.22992156,-0.22992156,-0.22992156,-0.22992156,-0.22992156,-0.22992156,-0.22992156,-0.22992156,-0.22992156,-0.22992156,-0.22992156,-0.22992156,-0.22992156,-0.22992156,-0.22992158,-0.22992158,-0.22992158,-0.22992158,-0.22992156
0.08179747,0.08179747,0.08179747,1.7233429,3.5147054,4.4580364,3.4261572,2.5853534,2.2216532,1.0821866,-0.5852575,-1.9065192,-1.4161707,2.8449502,2.5086489,1.7948637,0.8871635,-0.51434666,-1.6958926,-2.5649242,0.8729817,2.6819737,3.1601605,2.7516751,2.5486193,2.2715266,2.4540513,1.2286183,-1.1247483,-2.138537,-1.9543889,-0.7012594,0.14509386,-0.12084626,-1.5010725,-2.8336196,-3.8640525,-4.742187,-2.055359,-0.84888613,-0.9256635,-1.4194994,-1.3168223,1.5024115,1.3145099,-1.1871526,-4.0624623,-4.6420965,-4.8466945,-4.2121935,-1.940496,-0.3096483,0.08179747,0.08179747,0.08179747,0.08179747,0.08179747,0.08179747,0.08179747,0.08179747,0.08179747,0.08179747,0.08179747,0.08179747,0.08179747,0.08179747,0.08179747,0.08179747,0.08179747,0.08179747,0.08179747,0.08179747,0.08179748,0.08179748,0.08179748,0.08179748,0.08179747
-0.44079024,-0.44079024,-0.44079024,-1.5192994,-2.2858717,-2.457955,-3.4235094,-3.7238715,-3.4213433,-3.3218684,-3.3113303,-3.0738432,-2.9367278,-3.407195,-3.522197,-3.9056745,-3.8803568,-3.2346408,-2.6420484,-2.4966488,-2.8172832,-3.5034268,-4.2983236,-4.617852,-4.6919622,-4.511014,-4.1337113,-3.6691673,-2.9655244,-2.6004164,-2.8672771,-3.112587,-3.0520363,-2.8081524,-2.7587688,-2.703358,-2.6914012,-2.5954437,-2.857836,-3.152007,-3.2138164,-2.8353016,-2.452476,-2.892287,-3.0257556,-3.264516,-3.5364165,-3.538084,-3.1093142,-2.400333,-1.3044285,-0.66177255,-0.44079024,-0.44079024,-0.44079024,-0.44079024,-0.44079024,-0.44079024,-0.44079024,-0.44079024,-0.44079024,-0.44079024,-0.44079024,-0.44079024,-0.44079024,-0.44079024,-0.44079024,-0.44079024,-0.44079024,-0.44079024,-0.44079024,-0.44079024,-0.44079018,-0.44079018,-0.44079018,-0.44079018,-0.44079024
0.05139736,0.05139736,0.05139736,1.3139764,2.9190073,3.8765566,2.3573735,1.2099184,0.8542507,-0.3562118,-2.1205592,-3.403899,-2.7485054,1.7719315,1.3036103,0.32836503,-0.63562167,-1.859879,-2.823541,-3.6263533,-0.042320956,1.6310152,1.8678905,1.3016057,1.075079,0.87107056,1.2349591,0.07724805,-2.1969395,-3.2722971,-3.2997487,-2.1197968,-1.2127619,-1.3853391,-2.7711473,-4.075576,-5.0779543,-6.069569,-3.4066777,-2.234057,-2.2876968,-2.58628,-2.2528167,0.5317559,0.2066255,-2.5625284,-5.664484,-6.2140245,-6.2502913,-5.280694,-2.4301424,-0.4475386,0.05139736,0.05139736,0.05139736,0.05139736,0.05139736,0.05139736,0.05139736,0.05139736,0.05139736,0.05139736,0.05139736,0.05139736,0.05139736,0.05139736,0.05139736,0.05139736,0.05139736,0.05139736,0.05139736,0.05139736,0.051397324,0.051397324,0.051397324,0.051397324,0.05139736
0.79952884,0.79952884,0.79952884,-1.5866579,-3.854226,-4.808916,-5.0934043,-4.537056,-3.754239,-2.7809885,-1.5985143,-0.4389507,-0.7847426,-4.720116,-4.566028,-4.2893105,-3.5552032,-1.8099345,-0.36325318,0.30801633,-2.626531,-4.756074,-6.06002,-6.1125703,-6.086733,-5.7175207,-5.4280844,-3.9442112,-1.3917688,-0.03985144,-0.29627475,-1.3934236,-1.9065651,-1.4504726,-0.49867558,0.38464627,0.9817155,1.8762466,-0.14856468,-1.3876206,-1.4936213,-0.79592687,-0.527024,-3.0158076,-2.9472349,-1.4297309,0.19226438,0.4767175,1.1002339,1.4702878,1.1820847,0.8123188,0.79952884,0.79952884,0.79952884,0.79952884,0.79952884,0.79952884,0.79952884,0.79952884,0.79952884,0.79952884,0.79952884,0.79952884,0.79952884,0.79952884,0.79952884,0.79952884,0.79952884,0.79952884,0.79952884,0.79952884,0.79952884,0.79952884,0.79952884,0.79952884,0.79952884
-0.37568483,-0.37568483,-0.37568483,0.17417847,-0.17756908,-0.64444876,0.00081862084,2.0978014,3.4634802,4.1039915,4.1701245,3.8833237,2.665769,-0.34575662,0.56123805,1.6482753,1.9009594,1.9227346,1.2272819,0.37195912,-0.76703596,-1.2824001,-1.9645494,-1.8504318,-2.1117444,-2.360811,-2.6351027,-1.9341462,-0.98545915,1.1555446,2.823711,3.496474,3.6647491,3.509709,2.739514,1.5597658,0.355663,1.8288226,2.9431334,2.7036607,1.9413632,0.92586786,-0.09884426,0.16729133,1.1976659,1.5957526,0.90039295,-0.046952177,-0.17289764,-0.36820653,-0.4503684,-0.42673057,-0.37568483,-0.37568483,-0.37568483,-0.37568483,-0.37568483,-0.37568483,-0.37568483,-0.37568483,-0.37568483,-0.37568483,-0.37568483,-0.37568483,-0.37568483,-0.37568483,-0.37568483,-0.37568483,-0.37568483,-0.37568483,-0.37568483,-0.37568483,-0.3756848,-0.3756848,-0.3756848,-0.3756848,-0.37568483
-0.51789415,-0.51789415,-0.51789415,0.13355982,0.5484808,0.6678466,0.6581824,1.0605834,1.3423916,1.2485025,0.8616201,0.44171417,0.20402543,0.41830623,0.625534,0.76320404,0.6004959,0.21605799,-0.31991696,-0.7889587,-0.25165227,0.089648806,0.052294407,0.0017754502,-0.1187271,-0.26950148,-0.3345969,-0.46359533,-0.8034511,-0.44311276,0.10969275,0.6327054,0.88745,0.7589185,0.18868558,-0.49133167,-1.0947057,-0.8859576,0.10219032,0.3555215,0.11899207,-0.33334473,-0.6381633,0.16942991,0.4417896,-0.035356205,-0.92242324,-1.3365015,-1.4519442,-1.4076842,-0.96609753,-0.6133409,-0.51789415,-0.51789415,-0.51789415,-0.51789415,-0.51789415,-0.51789415,-0.51789415,-0.51789415,-0.51789415,-0.51789415,-0.51789415,-0.51789415,-0.51789415,-0.51789415,-0.51789415,-0.51789415,-0.51789415,-0.51789415,-0.51789415,-0.51789415,-0.51789415,-0.51789415,-0.51789415,-0.51789415,-0.51789415
0.050546125,0.050546125,0.050546125,-0.6566976,-0.6270427,-0.30201712,-1.4810936,-3.0118341,-3.6541798,-4.165076,-4.506478,-4.4372106,-3.5704765,-1.383798,-2.037629,-3.0259106,-3.3182936,-3.1725326,-2.6147828,-2.1994958,-1.1249579,-0.9416269,-0.97920305,-1.3251954,-1.2632843,-1.0573848,-0.6232008,-0.94637567,-1.4668814,-2.6317306,-3.7140214,-4.0208135,-3.9199326,-3.7235296,-3.5118566,-3.0554893,-2.558888,-3.4931512,-3.7902043,-3.6226094,-3.2460105,-2.5165353,-1.6691489,-1.5821402,-2.2880795,-3.1337264,-3.4517105,-3.0259664,-2.7154567,-2.026774,-0.8446963,-0.13648498,0.050546125,0.050546125,0.050546125,0.050546125,0.050546125,0.050546125,0.050546125,0.050546125,0.050546125,0.050546125,0.050546125,0.050546125,0.050546125,0.050546125,0.050546125,0.050546125,0.050546125,0.050546125,0.050546125,0.050546125,0.05054617,0.05054617,0.05054617,0.05054617,0.050546125
-0.8494412,-0.8494412,-0.8494412,3.4721258,7.020076,8.379007,8.582985,9.073635,9.00219,7.6206756,5.196017,2.7376444,2.4867654,7.486558,7.798392,7.9033937,6.659208,3.702369,0.6698929,-1.370494,3.4122186,6.695205,8.01947,7.91673,7.5475297,6.729861,6.2853417,4.293154,0.49645168,-0.06262603,1.6893699,4.3325524,5.6173353,4.780917,2.1530998,-0.68808025,-3.0195298,-3.472641,1.5569776,3.6085122,3.077549,1.1269975,0.058065705,5.032016,5.645525,2.553294,-1.7730644,-3.2413094,-4.216798,-4.404648,-2.6639485,-1.1554705,-0.8494412,-0.8494412,-0.8494412,-0.8494412,-0.8494412,-0.8494412,-0.8494412,-0.8494412,-0.8494412,-0.8494412,-0.8494412,-0.8494412,-0.8494412,-0.8494412,-0.8494412,-0.8494412,-0.8494412,-0.8494412,-0.8494412,-0.8494412,-0.8494411,-0.8494411,-0.8494411,-0.8494411,-0.8494412
0.17700718,0.17700718,0.17700718,1.2364743,3.172386,4.408195,3.0685475,0.5630158,-0.9607693,-2.495677,-3.9799557,-4.888533,-3.431946,2.8700058,1.8239765,0.30146202,-0.70321065,-1.9948008,-2.4748769,-2.49705,1.4655384,3.5342803,4.6121993,4.195947,4.255282,4.213739,4.5624647,2.858056,-0.046159767,-2.7915692,-4.038588,-3.5157976,-2.9410236,-3.0629117,-3.5898504,-3.72508,-3.5719626,-5.6018467,-4.2386503,-2.9628122,-2.3655365,-1.9613336,-1.0363088,1.202496,0.17450565,-2.2824178,-4.1156764,-3.7942224,-3.907587,-3.277095,-1.3902378,-0.089954,0.17700718,0.17700718,0.17700718,0.17700718,0.17700718,0.17700718,0.17700718,0.17700718,0.17700718,0.17700718,0.17700718,0.17700718,0.17700718,0.17700718,0.17700718,0.17700718,0.17700718,0.17700718,0.17700718,0.17700718,0.17700714,0.17700714,0.17700714,0.17700714,0.17700718
0.5423276,0.5423276,0.5423276,4.828288,8.17921,9.356479,10.187208,11.003624,10.887482,9.709374,7.668147,5.4316034,5.024419,9.219111,9.585647,10.061946,9.051166,6.19096,3.2406154,1.364733,5.464514,8.586333,10.142831,10.271105,9.984003,9.164081,8.550259,6.659656,3.11037,2.5752711,4.335087,6.74792,7.7971454,6.9392257,4.651881,2.1521409,0.089086056,-0.23045589,4.2657847,6.1275983,5.656588,3.7303002,2.5303433,6.9682927,7.6278653,5.2036543,1.6791415,0.36241737,-0.7262137,-1.3145574,-0.48673642,0.41429254,0.5423276,0.5423276,0.5423276,0.5423276,0.5423276,0.5423276,0.5423276,0.5423276,0.5423276,0.5423276,0.5423276,0.5423276,0.5423276,0.5423276,0.5423276,0.5423276,0.5423276,0.5423276,0.5423276,0.5423276,0.5423274,0.5423274,0.5423274,0.5423274,0.5423276
0.08926994,0.08926994,0.08926994,3.349718,3.6592758,2.6991842,5.8538823,12.033926,15.315735,16.829092,16.852343,15.590478,12.06555,4.8214083,7.4470778,10.988419,11.582154,10.555797,7.6525083,5.001926,2.631127,2.3949642,1.7627287,2.529168,1.9036311,0.91998476,-0.38401443,0.7457491,2.0937095,7.3462,12.354547,14.678777,15.119691,14.3047695,11.997496,8.558836,5.137189,8.975309,12.677515,12.554672,10.541526,7.1428785,3.7581277,5.3806233,8.394713,9.637107,7.888399,5.229205,4.219085,2.673032,1.0038602,0.24821073,0.08926994,0.08926994,0.08926994,0.08926994,0.08926994,0.08926994,0.08926994,0.08926994,0.08926994,0.08926994,0.08926994,0.08926994,0.08926994,0.08926994,0.08926994,0.08926994,0.08926994,0.08926994,0.08926994,0.08926994,0.08926964,0.08926964,0.08926964,0.08926964,0.08926994
0.58218837,0.58218837,0.58218837,4.616986,6.806962,7.106024,9.096708,12.239054,13.504938,13.446414,12.279178,10.415093,8.664968,8.099297,9.434324,11.284248,10.953013,8.757145,5.726494,3.500417,4.914415,6.7355947,7.5128508,7.970704,7.5548515,6.6339746,5.6624074,4.967383,3.3634436,5.2038198,8.379034,10.792375,11.570177,10.688356,8.390616,5.4923463,2.858168,4.2773633,8.479442,9.5499115,8.440035,5.8304925,3.6423702,6.9578056,8.631607,7.804529,5.088062,3.2066486,2.0750742,0.9557319,0.5314775,0.616085,0.58218837,0.58218837,0.58218837,0.58218837,0.58218837,0.58218837,0.58218837,0.58218837,0.58218837,0.58218837,0.58218837,0.58218837,0.58218837,0.58218837,0.58218837,0.58218837,0.58218837,0.58218837,0.58218837,0.58218837,0.58218837,0.58218837,0.58218837,0.58218837,0.58218837
-0.028231971,-0.028231971,-0.028231971,4.1222816,5.9004173,5.8049145,8.451179,12.86455,14.865018,15.357535,14.557691,12.779888,10.289137,7.391992,9.296781,11.872354,11.837071,9.843061,6.605458,4.0924335,4.279464,5.5652013,5.9878592,6.622487,6.1215043,5.1048284,3.90114,3.7510135,3.022875,6.137061,10.179246,12.727832,13.419246,12.476348,10.042709,6.78415,3.7294376,6.0758166,10.343557,11.096029,9.614328,6.5170436,3.7216177,6.681721,8.953792,8.865128,6.396539,4.143048,2.9312515,1.4856957,0.40749502,0.08620296,-0.028231971,-0.028231971,-0.028231971,-0.028231971,-0.028231971,-0.028231971,-0.028231971,-0.028231971,-0.028231971,-0.028231971,-0.028231971,-0.028231971,-0.028231971,-0.028231971,-0.028231971,-0.028231971,-0.028231971,-0.028231971,-0.028231971,-0.028231971,-0.028232098,-0.028232098,-0.028232098,-0.028232098,-0.028231971
-0.5064727,-0.5064727,-0.5064727,2.8915408,4.384878,4.357058,6.240017,9.801802,11.536308,11.877731,11.050137,9.486474,7.463798,5.296814,6.8628197,8.85223,8.734376,7.081536,4.381971,2.2131748,2.6121159,3.6909237,3.876815,4.2879186,3.8255167,2.9877455,2.0808947,1.9602686,1.3155102,3.962266,7.3356977,9.549318,10.231727,9.471055,7.2906804,4.4162717,1.7367977,3.668299,7.4541016,8.132811,6.8546815,4.276856,2.0149891,4.677119,6.5562897,6.188163,3.7592018,1.799306,0.86690396,-0.117090955,-0.5442809,-0.5038079,-0.5064727,-0.5064727,-0.5064727,-0.5064727,-0.5064727,-0.5064727,-0.5064727,-0.5064727,-0.5064727,-0.5064727,-0.5064727,-0.5064727,-0.5064727,-0.5064727,-0.5064727,-0.5064727,-0.5064727,-0.5064727,-0.5064727,-0.5064727,-0.5064726,-0.5064726,-0.5064726,-0.5064726,-0.5064727
-0.16227138,-0.16227138,-0.16227138,3.1159475,6.3454366,7.8013186,7.6020145,6.596918,5.5765424,3.9775681,1.9168954,0.054883815,0.67332184,6.927363,6.559164,5.940943,4.7386894,2.2238731,0.14513214,-0.9705654,3.8060107,6.936155,8.569801,8.432202,8.31132,7.7901144,7.585041,5.4144144,1.552222,-0.42136773,-0.100574136,1.6453472,2.5898533,1.9855571,0.3345625,-1.210417,-2.3160098,-3.7163587,-0.28429568,1.6012933,1.6910287,0.75026834,0.5449498,4.5170193,4.3200607,1.4942665,-1.597826,-2.1648023,-2.9193642,-2.9892364,-1.5590904,-0.36500764,-0.16227138,-0.16227138,-0.16227138,-0.16227138,-0.16227138,-0.16227138,-0.16227138,-0.16227138,-0.16227138,-0.16227138,-0.16227138,-0.16227138,-0.16227138,-0.16227138,-0.16227138,-0.16227138,-0.16227138,-0.16227138,-0.16227138,-0.16227138,-0.16227138,-0.16227138,-0.16227138,-0.16227138,-0.16227138
-0.6404892,-0.6404892,-0.6404892,-2.445541,-3.706319,-4.1822124,-3.6164038,-4.4691086,-5.2421856,-4.6725287,-3.1528213,-1.7106855,-1.2271055,-2.7931879,-3.1349244,-3.323924,-2.695592,-1.4833348,0.087719224,1.5584651,-0.7334815,-1.9426202,-1.7807409,-1.4569215,-1.0526104,-0.61678535,-0.6298968,-0.085631534,1.3144082,0.5721273,-0.86071646,-2.5251226,-3.453955,-3.1168876,-1.2347789,0.91753066,2.8238719,2.4911547,-0.8937387,-1.7889184,-1.1146557,0.07418469,0.7179489,-2.0643651,-2.6561215,-0.5795048,2.7003376,3.9909823,4.2290115,3.6848025,1.4454764,-0.20485938,-0.6404892,-0.6404892,-0.6404892,-0.6404892,-0.6404892,-0.6404892,-0.6404892,-0.6404892,-0.6404892,-0.6404892,-0.6404892,-0.6404892,-0.6404892,-0.6404892,-0.6404892,-0.6404892,-0.6404892,-0.6404892,-0.6404892,-0.6404892,-0.6404892,-0.6404892,-0.6404892,-0.6404892,-0.6404892
-0.38811678,-0.38811678,-0.38811678,0.37967154,0.26538318,-0.23185614,1.9312829,3.6983223,4.0854735,4.9002185,5.886889,6.213919,5.224976,2.1031067,2.877667,4.231014,4.8127184,4.758637,4.336106,4.276488,2.227626,1.8817289,2.3622534,3.0703895,3.1747844,2.986422,2.245429,2.6327863,3.4758964,4.5205283,5.5059123,5.4084992,4.9135823,4.6688123,5.0598598,5.233847,5.2919993,6.315498,5.575291,5.1805573,4.9766726,4.2941623,3.2632573,2.3531067,3.1060655,5.0578218,6.791216,6.7234044,6.2101593,4.791336,1.9333731,0.11499727,-0.38811678,-0.38811678,-0.38811678,-0.38811678,-0.38811678,-0.38811678,-0.38811678,-0.38811678,-0.38811678,-0.38811678,-0.38811678,-0.38811678,-0.38811678,-0.38811678,-0.38811678,-0.38811678,-0.38811678,-0.38811678,-0.38811678,-0.38811678,-0.38811684,-0.38811684,-0.38811684,-0.38811684,-0.38811678
0.14064105,0.14064105,0.14064105,-0.61437106,-1.284613,-1.6954272,-0.27037802,-0.41742688,-1.1196423,-0.5491966,0.8778568,1.9863513,2.0975614,0.41970322,0.34191975,0.7015818,1.3309017,1.9661208,2.8457775,3.947962,1.8320098,1.1411595,1.8031088,2.3862088,2.7748814,2.992305,2.634928,2.9114354,3.8388739,3.24495,2.4199145,1.1743888,0.28393245,0.38022503,1.9675813,3.7288036,5.28212,5.1687226,2.4209476,1.7607992,2.2994444,2.9358203,3.0511541,0.8278444,0.56165445,2.769924,5.9308314,6.962051,6.8226423,5.7215514,2.7558799,0.7141177,0.14064105,0.14064105,0.14064105,0.14064105,0.14064105,0.14064105,0.14064105,0.14064105,0.14064105,0.14064105,0.14064105,0.14064105,0.14064105,0.14064105,0.14064105,0.14064105,0.14064105,0.14064105,0.14064105,0.14064105,0.1406411,0.1406411,0.1406411,0.1406411,0.14064105
-0.7117395,-0.7117395,-0.7117395,-0.9635854,-1.0462959,-1.3375765,1.8111577,1.0521164,-0.9609475,-0.326581,2.0347714,3.7491498,4.24889,3.0882344,2.8134718,3.3307388,4.2231636,4.5735807,5.648311,7.6541915,4.88828,4.6598883,6.8314347,8.089207,8.913979,9.1802635,8.263063,7.969768,8.451636,6.3274856,4.6436605,2.5923204,0.986242,0.93638283,3.8009374,7.0917263,10.113199,9.293016,4.534782,3.8581705,5.1008253,6.0928297,6.2271147,2.9169338,2.273812,6.0901895,11.922696,14.003694,13.358429,10.807575,4.648261,0.50336987,-0.7117395,-0.7117395,-0.7117395,-0.7117395,-0.7117395,-0.7117395,-0.7117395,-0.7117395,-0.7117395,-0.7117395,-0.7117395,-0.7117395,-0.7117395,-0.7117395,-0.7117395,-0.7117395,-0.7117395,-0.7117395,-0.7117395,-0.7117395,-0.7117398,-0.7117398,-0.7117398,-0.7117398,-0.7117395
-0.5539189,-0.5539189,-0.5539189,2.0749426,4.0417604,4.554504,6.549571,7.1036334,6.416497,6.1066504,5.9081225,5.239426,4.976464,6.4530563,6.7542315,7.4509773,7.260169,5.669409,4.198432,3.764375,4.8396354,6.543987,8.295199,8.938437,9.072035,8.641394,7.80857,6.6641617,4.905552,4.0846105,4.7552414,5.4678216,5.4430013,4.8658814,4.56418,4.2364206,4.060085,3.7985668,4.670524,5.471828,5.576825,4.624541,3.744041,5.069222,5.4035053,5.6717324,5.9309936,5.8535004,4.884128,3.367956,1.1525595,-0.1118058,-0.5539189,-0.5539189,-0.5539189,-0.5539189,-0.5539189,-0.5539189,-0.5539189,-0.5539189,-0.5539189,-0.5539189,-0.5539189,-0.5539189,-0.5539189,-0.5539189,-0.5539189,-0.5539189,-0.5539189,-0.5539189,-0.5539189,-0.5539189,-0.55391884,-0.55391884,-0.55391884,-0.55391884,-0.5539189
-0.1251346,-0.1251346,-0.1251346,-0.15719068,1.2269458,2.213605,2.43213,-1.3058934,-4.434394,-5.569826,-5.2835984,-4.670418,-2.4728863,3.2815216,1.7256385,0.10861388,-0.24949263,-0.8217754,0.08733951,1.869919,3.7703917,5.2960467,7.6130867,7.899494,8.586859,8.927974,8.91744,7.16416,4.899449,0.31938806,-2.7643664,-4.1165447,-4.7506227,-4.701302,-2.8554854,-0.19851023,2.5116243,-0.4010606,-3.0496492,-2.4458435,-0.78400123,0.8737679,2.4061673,1.7682009,-0.07973815,0.08009055,2.608399,4.707105,4.437839,3.695443,1.7463496,0.3793601,-0.1251346,-0.1251346,-0.1251346,-0.1251346,-0.1251346,-0.1251346,-0.1251346,-0.1251346,-0.1251346,-0.1251346,-0.1251346,-0.1251346,-0.1251346,-0.1251346,-0.1251346,-0.1251346,-0.1251346,-0.1251346,-0.1251346,-0.1251346,-0.12513454,-0.12513454,-0.12513454,-0.12513454,-0.1251346
-0.009765942,-0.009765942,-0.009765942,1.27043,3.121254,3.9323192,5.812041,3.6084454,0.84748286,0.10357104,0.6928023,1.1003437,2.4484432,6.5702877,5.668541,5.161635,5.045368,3.9348307,3.977718,5.3082128,6.4556875,8.254453,11.113265,11.910543,12.592894,12.638664,12.001288,10.237451,7.9896407,4.2027345,2.2399535,1.3088822,0.54292136,0.2634497,1.898756,4.12614,6.399613,4.249038,2.0113008,2.6535394,4.0258555,4.799705,5.3397493,4.8961124,3.7567494,4.827793,7.827997,9.55915,8.741695,6.9316664,3.2197406,0.80399615,-0.009765942,-0.009765942,-0.009765942,-0.009765942,-0.009765942,-0.009765942,-0.009765942,-0.009765942,-0.009765942,-0.009765942,-0.009765942,-0.009765942,-0.009765942,-0.009765942,-0.009765942,-0.009765942,-0.009765942,-0.009765942,-0.009765942,-0.009765942,-0.009765983,-0.009765983,-0.009765983,-0.009765983,-0.009765942
0.05983731,0.05983731,0.05983731,-0.7469961,-1.7127862,-2.3102844,-1.025245,-0.49298468,-0.5737359,0.2056412,1.5507035,2.538523,2.2459714,-0.50686306,-0.29668826,0.32712352,1.0104736,1.7847435,2.5168643,3.2726648,0.82236594,-0.18828955,-0.031940106,0.46207666,0.7086548,0.8706495,0.5485364,1.180547,2.564204,2.8685703,2.6206172,1.637669,0.8891796,0.9911391,2.2023408,3.4318664,4.445802,4.8878503,2.6731913,1.893943,2.1055033,2.4429908,2.2946992,0.20753859,0.28537783,2.4017198,5.0042195,5.621034,5.565247,4.675097,2.2108457,0.5113465,0.05983731,0.05983731,0.05983731,0.05983731,0.05983731,0.05983731,0.05983731,0.05983731,0.05983731,0.05983731,0.05983731,0.05983731,0.05983731,0.05983731,0.05983731,0.05983731,0.05983731,0.05983731,0.05983731,0.05983731,0.05983734,0.05983734,0.05983734,0.05983734,0.05983731
0.044767253,0.044767253,0.044767253,0.20501103,0.8644151,1.1363789,2.8506374,1.2530847,-0.8397052,-1.0083271,0.11696476,1.0189724,1.996494,3.7078261,3.0414586,2.7984974,3.0562022,2.8276892,3.4683092,4.9485006,4.523466,5.1646767,7.173188,7.913451,8.542106,8.732117,8.230696,7.339558,6.5282774,3.8311906,2.045252,0.7253685,-0.22128753,-0.28976175,1.6168135,4.003725,6.3006225,4.8557215,1.9017485,1.9027807,3.0650418,4.0042295,4.521324,2.9637928,2.041079,3.8192563,7.346941,9.014168,8.519716,6.9535074,3.2819726,0.81593347,0.044767253,0.044767253,0.044767253,0.044767253,0.044767253,0.044767253,0.044767253,0.044767253,0.044767253,0.044767253,0.044767253,0.044767253,0.044767253,0.044767253,0.044767253,0.044767253,0.044767253,0.044767253,0.044767253,0.044767253,0.04476726,0.04476726,0.04476726,0.04476726,0.044767253
-0.24913234,-0.24913234,-0.24913234,0.8027062,1.2292362,1.0884844,2.798663,3.84729,3.8289533,4.1905055,4.71254,4.7561374,4.184533,2.8941739,3.363269,4.2647614,4.5451503,4.126337,3.5630374,3.4710708,2.6032164,2.845257,3.5918145,4.1552033,4.2633533,4.062782,3.4452121,3.3528166,3.3605099,3.6451142,4.2860956,4.3635154,4.059114,3.7854106,3.9846814,4.074931,4.1345882,4.5827346,4.30241,4.279522,4.229818,3.6607,2.9057822,2.6807907,3.1399612,4.3185368,5.430627,5.425665,4.898134,3.715469,1.5201606,0.1542546,-0.24913234,-0.24913234,-0.24913234,-0.24913234,-0.24913234,-0.24913234,-0.24913234,-0.24913234,-0.24913234,-0.24913234,-0.24913234,-0.24913234,-0.24913234,-0.24913234,-0.24913234,-0.24913234,-0.24913234,-0.24913234,-0.24913234,-0.24913234,-0.2491324,-0.2491324,-0.2491324,-0.2491324,-0.24913234
-0.108655795,-0.108655795,-0.108655795,1.0980211,1.5733256,1.5469086,1.9737548,3.4138439,4.2807713,4.397533,3.9296737,3.2381294,2.4128408,1.5213019,2.146195,2.8665478,2.775756,2.194561,1.1403971,0.1727286,0.43718147,0.7733039,0.59745586,0.6412856,0.39525348,0.0705822,-0.18083033,-0.13636594,-0.31128827,0.9364639,2.3510628,3.3213055,3.6976595,3.4334433,2.398589,1.0604333,-0.19263205,0.6501475,2.4113803,2.6738565,2.0763977,1.0427645,0.18508506,1.3745621,2.1463027,1.7404925,0.38219815,-0.529651,-0.7997388,-0.9346085,-0.5729952,-0.2129442,-0.108655795,-0.108655795,-0.108655795,-0.108655795,-0.108655795,-0.108655795,-0.108655795,-0.108655795,-0.108655795,-0.108655795,-0.108655795,-0.108655795,-0.108655795,-0.108655795,-0.108655795,-0.108655795,-0.108655795,-0.108655795,-0.108655795,-0.108655795,-0.10865575,-0.10865575,-0.10865575,-0.10865575,-0.108655795
0.2108148,0.2108148,0.2108148,0.105293855,-0.44328028,-0.95867795,0.63636196,1.622475,1.7022301,2.4307551,3.5489497,4.2067637,3.6642423,0.9875463,1.3881834,2.2839725,2.8889618,3.2617755,3.4789798,3.8705938,1.7555317,1.1063594,1.4336461,1.9986016,2.180938,2.1888003,1.7105775,2.1772718,3.2122257,3.736379,3.9761684,3.4019024,2.7922595,2.7433677,3.5687823,4.3252606,4.9164624,5.534766,4.0413203,3.473105,3.5214431,3.4396439,2.9529088,1.4673207,1.7920827,3.7173526,5.839673,6.159819,5.9088163,4.83882,2.3316016,0.6657777,0.2108148,0.2108148,0.2108148,0.2108148,0.2108148,0.2108148,0.2108148,0.2108148,0.2108148,0.2108148,0.2108148,0.2108148,0.2108148,0.2108148,0.2108148,0.2108148,0.2108148,0.2108148,0.2108148,0.2108148,0.21081483,0.21081483,0.21081483,0.21081483,0.2108148
0.22391129,0.22391129,0.22391129,-0.5531646,-1.518185,-2.1384878,-0.67866015,-0.10726017,-0.24171561,0.57316196,2.0122602,3.0527089,2.7438366,-0.12020412,0.09730056,0.79213566,1.5213771,2.2918499,3.0333042,3.8426168,1.2623233,0.25039285,0.50499153,1.0638301,1.3390462,1.4992762,1.1242224,1.7479161,3.1488943,3.4053607,3.1374483,2.09524,1.2840081,1.373448,2.6803305,4.013121,5.11756,5.5591865,3.1952288,2.3891418,2.633544,2.978387,2.8011591,0.5981938,0.67570347,2.95948,5.7850757,6.4602985,6.3624597,5.346859,2.6086833,0.7291905,0.22391129,0.22391129,0.22391129,0.22391129,0.22391129,0.22391129,0.22391129,0.22391129,0.22391129,0.22391129,0.22391129,0.22391129,0.22391129,0.22391129,0.22391129,0.22391129,0.22391129,0.22391129,0.22391129,0.22391129,0.22391129,0.22391129,0.22391129,0.22391129,0.22391129
-0.02365639,-0.02365639,-0.02365639,0.5607163,1.11577,1.2641248,2.255699,1.9942912,1.2778895,1.2111456,1.5501269,1.7004439,1.8812042,2.4938345,2.3948255,2.533289,2.6041791,2.2325552,2.1166456,2.4593692,2.4338534,2.9264028,3.8693802,4.2444053,4.4574814,4.420318,4.07857,3.6224186,3.094116,2.207975,1.8684728,1.615958,1.3106174,1.1683657,1.6847303,2.3244627,2.9596405,2.5437415,1.8176051,1.9487215,2.2950885,2.35233,2.2819645,2.0339797,1.8674797,2.5346987,3.6964962,4.160823,3.8059506,2.9904263,1.3586076,0.3102403,-0.02365639,-0.02365639,-0.02365639,-0.02365639,-0.02365639,-0.02365639,-0.02365639,-0.02365639,-0.02365639,-0.02365639,-0.02365639,-0.02365639,-0.02365639,-0.02365639,-0.02365639,-0.02365639,-0.02365639,-0.02365639,-0.02365639,-0.02365639,-0.023656368,-0.023656368,-0.023656368,-0.023656368,-0.02365639
-0.12252529,-0.12252529,-0.12252529,1.4188648,2.5144784,2.8524723,3.1953669,3.7773674,3.9557667,3.6503444,2.951024,2.1391525,1.8193219,2.807791,3.0789404,3.3802269,3.0614574,2.092975,0.98076487,0.20324464,1.4467301,2.4279954,2.8276582,2.8737683,2.7306824,2.4152381,2.1727545,1.639976,0.5819448,0.74419564,1.6042452,2.5399637,2.9353037,2.6218166,1.7061929,0.65305465,-0.24994485,-0.13065541,1.5901165,2.193918,1.9102836,1.0938165,0.53152204,2.1057613,2.4928837,1.7008387,0.35505047,-0.24737568,-0.62799627,-0.8365869,-0.5234181,-0.18404868,-0.12252529,-0.12252529,-0.12252529,-0.12252529,-0.12252529,-0.12252529,-0.12252529,-0.12252529,-0.12252529,-0.12252529,-0.12252529,-0.12252529,-0.12252529,-0.12252529,-0.12252529,-0.12252529,-0.12252529,-0.12252529,-0.12252529,-0.12252529,-0.122525215,-0.122525215,-0.122525215,-0.122525215,-0.12252529
-0.6219455,-0.6219455,-0.6219455,-0.2958991,-0.45740175,-0.7093619,-0.25919968,0.8595499,1.5451305,1.9193634,2.0251756,1.9150869,1.2615253,-0.41030395,0.0989397,0.69205254,0.8454945,0.85456985,0.48955938,0.07527185,-0.62148905,-0.9002271,-1.2113309,-1.1127487,-1.2320207,-1.3627678,-1.5493286,-1.1795377,-0.64651144,0.47647282,1.3554028,1.6747768,1.7233349,1.631359,1.2833678,0.7200933,0.14235708,0.9307255,1.40319,1.2630843,0.879174,0.33326718,-0.23824464,-0.17030114,0.38942337,0.72354037,0.5107264,0.050833028,-0.042865343,-0.23874591,-0.48936388,-0.61208856,-0.6219455,-0.6219455,-0.6219455,-0.6219455,-0.6219455,-0.6219455,-0.6219455,-0.6219455,-0.6219455,-0.6219455,-0.6219455,-0.6219455,-0.6219455,-0.6219455,-0.6219455,-0.6219455,-0.6219455,-0.6219455,-0.6219455,-0.6219455,-0.6219455,-0.6219455,-0.6219455,-0.6219455,-0.6219455
-0.5266577,-0.5266577,-0.5266577,-0.5785557,-1.1608964,-1.7049013,-0.275107,0.95848763,1.3238088,2.1067455,3.1027632,3.644333,2.9419029,-0.03125691,0.5167347,1.4491613,2.0158064,2.3967657,2.4909914,2.6754696,0.5735651,-0.15546365,-0.08888645,0.39395133,0.49426934,0.46845883,0.02119337,0.6097998,1.7785503,2.716675,3.247811,2.8660867,2.3757446,2.320143,2.8835487,3.301545,3.5751798,4.42551,3.3078744,2.7469847,2.628966,2.3702998,1.7617573,0.4918414,0.9860711,2.7346056,4.4272532,4.5190854,4.311298,3.3886652,1.2519692,-0.15775765,-0.5266577,-0.5266577,-0.5266577,-0.5266577,-0.5266577,-0.5266577,-0.5266577,-0.5266577,-0.5266577,-0.5266577,-0.5266577,-0.5266577,-0.5266577,-0.5266577,-0.5266577,-0.5266577,-0.5266577,-0.5266577,-0.5266577,-0.5266577,-0.5266576,-0.5266576,-0.5266576,-0.5266576,-0.5266577
-0.3459881,-0.3459881,-0.3459881,-1.0732595,-1.8886831,-2.3836577,-1.2954686,-0.9432642,-1.0799127,-0.41670075,0.7680637,1.6556317,1.4590472,-0.8189897,-0.6594513,-0.18817742,0.39156535,1.0730723,1.7493403,2.4570746,0.3525619,-0.5169319,-0.36176953,0.061640367,0.29050437,0.4471981,0.1740402,0.7005762,1.8880596,2.0707185,1.7789713,0.8844376,0.22007784,0.31675684,1.4147443,2.5457635,3.4938176,3.818601,1.8047215,1.1341761,1.3546396,1.69092,1.6036264,-0.24089786,-0.21118316,1.6371198,3.9608264,4.5502353,4.5096083,3.7326822,1.5567377,0.053102527,-0.3459881,-0.3459881,-0.3459881,-0.3459881,-0.3459881,-0.3459881,-0.3459881,-0.3459881,-0.3459881,-0.3459881,-0.3459881,-0.3459881,-0.3459881,-0.3459881,-0.3459881,-0.3459881,-0.3459881,-0.3459881,-0.3459881,-0.3459881,-0.34598812,-0.34598812,-0.34598812,-0.34598812,-0.3459881
-0.48111248,-0.48111248,-0.48111248,-0.11829197,0.0992651,0.092719905,0.747699,0.92357296,0.74443614,0.8430854,1.0897256,1.1714954,1.0786524,0.84670407,0.95413136,1.1856978,1.2782875,1.1195514,0.98567384,1.072727,0.7896619,0.92628026,1.312029,1.5396473,1.6225375,1.575446,1.3401774,1.2334462,1.1672437,1.0458636,1.108218,1.0367843,0.87311924,0.77957225,0.9823057,1.1878154,1.3841368,1.4061261,1.0864022,1.09193,1.1683643,1.0542388,0.8554772,0.6839897,0.76123255,1.2607478,1.874593,2.0058074,1.8015244,1.306141,0.32669592,-0.29578698,-0.48111248,-0.48111248,-0.48111248,-0.48111248,-0.48111248,-0.48111248,-0.48111248,-0.48111248,-0.48111248,-0.48111248,-0.48111248,-0.48111248,-0.48111248,-0.48111248,-0.48111248,-0.48111248,-0.48111248,-0.48111248,-0.48111248,-0.48111248,-0.48111248,-0.48111248,-0.48111248,-0.48111248,-0.48111248
-0.47747675,-0.47747675,-0.47747675,1.0627742,2.103381,2.3524184,3.197537,3.8620062,3.8856761,3.743576,3.401458,2.8212516,2.458228,2.966026,3.2931738,3.7581613,3.5920682,2.6918523,1.6810641,1.1182878,1.8322762,2.7115617,3.3393135,3.5726013,3.5232873,3.2273047,2.828949,2.3344889,1.4644167,1.5425509,2.3175051,3.013598,3.1912196,2.8599527,2.2890103,1.6015037,1.0237818,1.1737413,2.2921805,2.7678764,2.5893242,1.8217434,1.1826833,2.2880979,2.68512,2.4929235,1.9325882,1.5434767,1.0655206,0.47498763,-0.11060811,-0.36990637,-0.47747675,-0.47747675,-0.47747675,-0.47747675,-0.47747675,-0.47747675,-0.47747675,-0.47747675,-0.47747675,-0.47747675,-0.47747675,-0.47747675,-0.47747675,-0.47747675,-0.47747675,-0.47747675,-0.47747675,-0.47747675,-0.47747675,-0.47747675,-0.47747678,-0.47747678,-0.47747678,-0.47747678,-0.47747675
-0.081037484,-0.081037484,-0.081037484,-1.025869,-2.0515459,-2.5919757,-1.9860493,-1.5171729,-1.3248745,-0.66944647,0.30038014,1.0694247,0.79576695,-1.6438969,-1.4546189,-1.0484205,-0.5243832,0.28177705,0.968311,1.4814636,-0.5021961,-1.5398475,-1.8008281,-1.5604367,-1.4384224,-1.2768108,-1.3857048,-0.6865716,0.6639414,1.2269574,1.1059873,0.37322593,-0.121713266,0.031194767,0.8415645,1.6283131,2.2407446,2.734844,1.1617364,0.4669419,0.5206319,0.8127289,0.7581316,-0.8784345,-0.77738225,0.6778583,2.362485,2.7103117,2.8248672,2.447354,1.1095285,0.15038659,-0.081037484,-0.081037484,-0.081037484,-0.081037484,-0.081037484,-0.081037484,-0.081037484,-0.081037484,-0.081037484,-0.081037484,-0.081037484,-0.081037484,-0.081037484,-0.081037484,-0.081037484,-0.081037484,-0.081037484,-0.081037484,-0.081037484,-0.081037484,-0.08103748,-0.08103748,-0.08103748,-0.08103748,-0.081037484
0.43881467,0.43881467,0.43881467,-0.40055346,-1.1037093,-1.4719576,-0.4870959,-0.6870031,-1.2298142,-0.76350117,0.40148267,1.3544528,1.4909981,0.08369457,-0.03540107,0.19179642,0.7162761,1.3560326,2.2014034,3.145047,1.3759818,0.69554704,1.115128,1.5360448,1.8457081,2.0601094,1.8460968,2.1431458,3.002587,2.5292306,1.7671769,0.6865789,-0.036398597,0.091508545,1.4189358,2.8999002,4.1975803,4.089829,1.7818086,1.1869078,1.6323087,2.2518528,2.442475,0.5301162,0.25821164,2.009223,4.558447,5.4184623,5.384805,4.622872,2.4130669,0.8684032,0.43881467,0.43881467,0.43881467,0.43881467,0.43881467,0.43881467,0.43881467,0.43881467,0.43881467,0.43881467,0.43881467,0.43881467,0.43881467,0.43881467,0.43881467,0.43881467,0.43881467,0.43881467,0.43881467,0.43881467,0.43881458,0.43881458,0.43881458,0.43881458,0.43881467
0.6239746,0.6239746,0.6239746,-0.6143189,-1.3619984,-1.636364,-0.82263243,-1.7936798,-2.8518333,-2.5333579,-1.231621,-0.029827436,0.5545207,-0.05410419,-0.5119849,-0.6580507,-0.14561208,0.63083863,1.8822769,3.260435,1.6124377,0.9556669,1.5973407,2.0088215,2.4437785,2.788569,2.6729438,2.8109477,3.523272,2.2823496,0.82054746,-0.65986466,-1.5339518,-1.313889,0.46327576,2.556043,4.4445667,3.825162,0.7983388,0.17809804,0.94022465,2.0265112,2.6286335,0.32504085,-0.34976643,1.4820595,4.5931764,5.8948903,5.9374666,5.2014403,2.8162212,1.1101781,0.6239746,0.6239746,0.6239746,0.6239746,0.6239746,0.6239746,0.6239746,0.6239746,0.6239746,0.6239746,0.6239746,0.6239746,0.6239746,0.6239746,0.6239746,0.6239746,0.6239746,0.6239746,0.6239746,0.6239746,0.6239747,0.6239747,0.6239747,0.6239747,0.6239746
0.3596185,0.3596185,0.3596185,0.63376,0.6293745,0.54976326,0.595008,1.2167116,1.6688482,1.7601795,1.5936564,1.3620293,1.0064948,0.40847275,0.6509316,0.9459798,0.9457854,0.8474481,0.5264116,0.14622019,0.114698045,0.0901776,-0.13487051,-0.1589808,-0.27615154,-0.380715,-0.42128167,-0.28487992,-0.18365487,0.4456328,1.0092185,1.3561131,1.509451,1.4466429,1.039353,0.5007136,-0.023127444,0.3845246,1.057989,1.0817345,0.8096698,0.4481051,0.1455322,0.50839186,0.8173533,0.6516855,0.07292453,-0.3178394,-0.3528675,-0.2899547,0.034052324,0.2821436,0.3596185,0.3596185,0.3596185,0.3596185,0.3596185,0.3596185,0.3596185,0.3596185,0.3596185,0.3596185,0.3596185,0.3596185,0.3596185,0.3596185,0.3596185,0.3596185,0.3596185,0.3596185,0.3596185,0.3596185,0.3596185,0.3596185,0.3596185,0.3596185,0.3596185
0.24599391,0.24599391,0.24599391,0.33848396,0.27446353,0.19363827,0.31212196,0.6700682,0.8934919,0.99093693,0.9958966,0.9417729,0.73897964,0.25113508,0.38770613,0.5867891,0.6338395,0.630858,0.51193535,0.36729565,0.18867993,0.11370199,0.017099306,0.041230936,-0.0013924855,-0.045540616,-0.09041759,0.017961197,0.15578462,0.4929481,0.7654133,0.8778834,0.90501535,0.87804663,0.7518262,0.5600214,0.36082625,0.5974425,0.79576486,0.75703627,0.6330022,0.469396,0.3026904,0.349997,0.51275223,0.57191634,0.45361176,0.2953402,0.27017975,0.23744155,0.2302313,0.23857254,0.24599391,0.24599391,0.24599391,0.24599391,0.24599391,0.24599391,0.24599391,0.24599391,0.24599391,0.24599391,0.24599391,0.24599391,0.24599391,0.24599391,0.24599391,0.24599391,0.24599391,0.24599391,0.24599391,0.24599391,0.24599393,0.24599393,0.24599393,0.24599393,0.24599391
0.36758837,0.36758837,0.36758837,-0.36336344,-0.91954106,-1.157502,-0.7507651,-1.012311,-1.3504173,-1.0794473,-0.3708106,0.26395074,0.42427087,-0.3855034,-0.525515,-0.49261788,-0.1753624,0.32801455,0.9801397,1.6191095,0.533532,0.021328293,0.17290373,0.3706576,0.5584064,0.73144025,0.6806599,0.9117382,1.5131719,1.1875737,0.5990707,-0.13481772,-0.5739008,-0.44566396,0.40939838,1.3783826,2.2266846,2.1104486,0.6101259,0.20398948,0.499496,0.99310124,1.224633,-0.034454297,-0.27359396,0.73388565,2.2729616,2.839089,2.8989556,2.5688143,1.4212575,0.5933421,0.36758837,0.36758837,0.36758837,0.36758837,0.36758837,0.36758837,0.36758837,0.36758837,0.36758837,0.36758837,0.36758837,0.36758837,0.36758837,0.36758837,0.36758837,0.36758837,0.36758837,0.36758837,0.36758837,0.36758837,0.3675884,0.3675884,0.3675884,0.3675884,0.36758837
0.09765184,0.09765184,0.09765184,0.12308857,-0.092653714,-0.32098436,0.38629436,0.9154112,1.0186816,1.3439475,1.7936512,2.031138,1.7374703,0.5051085,0.72186697,1.158018,1.414209,1.5431314,1.569099,1.6696384,0.7682135,0.50109816,0.6178953,0.8609483,0.92062515,0.9028993,0.6834855,0.8961092,1.3419006,1.6657722,1.869223,1.6879508,1.4525278,1.4158264,1.6980594,1.9283308,2.0923147,2.4233704,1.9027928,1.6711593,1.6471968,1.5421753,1.2746539,0.7116583,0.90646654,1.706202,2.5208092,2.592175,2.4703357,2.0085728,0.9676516,0.28347588,0.09765184,0.09765184,0.09765184,0.09765184,0.09765184,0.09765184,0.09765184,0.09765184,0.09765184,0.09765184,0.09765184,0.09765184,0.09765184,0.09765184,0.09765184,0.09765184,0.09765184,0.09765184,0.09765184,0.09765184,0.09765184,0.09765184,0.09765184,0.09765184,0.09765184
0.022247186,0.022247186,0.022247186,-0.26964048,-0.41281557,-0.497902,0.15696575,-0.21782345,-0.7940915,-0.6497971,-0.015981521,0.5030026,0.73444045,0.52404916,0.3630507,0.3874074,0.6237991,0.8268513,1.2622249,1.880942,1.1493416,1.0048846,1.5078809,1.7903099,2.017153,2.1339252,1.9688711,1.9235333,2.1063228,1.4520464,0.8448573,0.20514302,-0.23079951,-0.19282626,0.64068604,1.6173134,2.511565,2.2119465,0.81920135,0.5981434,0.9717807,1.3729126,1.5410868,0.5510127,0.2844476,1.2485237,2.8222723,3.4420762,3.3469336,2.7918649,1.3252091,0.31675565,0.022247186,0.022247186,0.022247186,0.022247186,0.022247186,0.022247186,0.022247186,0.022247186,0.022247186,0.022247186,0.022247186,0.022247186,0.022247186,0.022247186,0.022247186,0.022247186,0.022247186,0.022247186,0.022247186,0.022247186,0.022247195,0.022247195,0.022247195,0.022247195,0.022247186
-0.09502351,-0.09502351,-0.09502351,0.87206215,1.5491878,1.7046351,2.4430773,2.7661252,2.605961,2.5264537,2.4484289,2.1854355,2.0204916,2.3828852,2.5371432,2.8520272,2.7972405,2.2291954,1.6613756,1.4498146,1.7816077,2.363013,2.9449234,3.1773422,3.2071385,3.037799,2.72988,2.3610346,1.780516,1.6115148,1.9494593,2.2490585,2.2555444,2.0413005,1.8800777,1.6856071,1.5432717,1.5341996,1.9306751,2.204782,2.194997,1.7969184,1.4264387,1.9262583,2.1029243,2.2038755,2.2333724,2.143661,1.792717,1.2521819,0.48577455,0.055048883,-0.09502351,-0.09502351,-0.09502351,-0.09502351,-0.09502351,-0.09502351,-0.09502351,-0.09502351,-0.09502351,-0.09502351,-0.09502351,-0.09502351,-0.09502351,-0.09502351,-0.09502351,-0.09502351,-0.09502351,-0.09502351,-0.09502351,-0.09502351,-0.09502351,-0.09502351,-0.09502351,-0.09502351,-0.09502351
-0.042778373,-0.042778373,-0.042778373,0.65797037,0.9420533,0.88963586,1.596486,2.3502433,2.577321,2.7270713,2.771624,2.590956,2.1703732,1.5029941,1.8307676,2.340352,2.4098632,2.0985522,1.610219,1.3104239,1.0998553,1.2860259,1.5030746,1.7096244,1.6794118,1.5196143,1.2381427,1.2106924,1.1502951,1.5794727,2.1863413,2.4831223,2.483719,2.3154442,2.0969753,1.7589797,1.4341323,1.812866,2.2104273,2.2797048,2.100153,1.6205465,1.1267885,1.3861588,1.7524766,2.0374284,2.0394099,1.7866793,1.5283952,1.0846126,0.43404517,0.06711324,-0.042778373,-0.042778373,-0.042778373,-0.042778373,-0.042778373,-0.042778373,-0.042778373,-0.042778373,-0.042778373,-0.042778373,-0.042778373,-0.042778373,-0.042778373,-0.042778373,-0.042778373,-0.042778373,-0.042778373,-0.042778373,-0.042778373,-0.042778373,-0.042778373,-0.042778373,-0.042778373,-0.042778373,-0.042778373
-0.010390202,-0.010390202,-0.010390202,0.56401455,0.53667176,0.273181,1.2027901,2.4576836,3.0010064,3.4116,3.6680586,3.5964432,2.8855321,1.1115729,1.6456358,2.4468422,2.6777256,2.557974,2.0956292,1.7390592,0.8873316,0.7377205,0.7464374,1.0161787,0.95789874,0.7881095,0.4440914,0.71174484,1.1333492,2.1028428,2.9993384,3.2672274,3.1997907,3.041044,2.842652,2.4410334,2.0085742,2.7777917,3.063407,2.9316542,2.6131094,2.0112214,1.3208681,1.2783757,1.8586999,2.511968,2.716691,2.3503902,2.104574,1.5692779,0.6667651,0.13017856,-0.010390202,-0.010390202,-0.010390202,-0.010390202,-0.010390202,-0.010390202,-0.010390202,-0.010390202,-0.010390202,-0.010390202,-0.010390202,-0.010390202,-0.010390202,-0.010390202,-0.010390202,-0.010390202,-0.010390202,-0.010390202,-0.010390202,-0.010390202,-0.0103901625,-0.0103901625,-0.0103901625,-0.0103901625,-0.010390202
-0.25274572,-0.25274572,-0.25274572,0.49091452,0.60171556,0.42338315,0.9986892,2.327244,3.0809782,3.378287,3.298477,2.9636865,2.199882,0.73619694,1.3170714,2.0386066,2.1223571,1.8695799,1.1950145,0.5584388,0.17205638,0.15337692,-0.041262764,0.08121304,-0.07868574,-0.30084452,-0.5578706,-0.32394898,-0.073375195,1.1101501,2.2417672,2.818431,2.9702544,2.790903,2.1935744,1.3400218,0.50591266,1.3453351,2.3022482,2.3155138,1.8463812,1.0727117,0.33621883,0.8209539,1.4923127,1.6252397,1.0514778,0.41559765,0.21236613,-0.047798555,-0.2212246,-0.25641292,-0.25274572,-0.25274572,-0.25274572,-0.25274572,-0.25274572,-0.25274572,-0.25274572,-0.25274572,-0.25274572,-0.25274572,-0.25274572,-0.25274572,-0.25274572,-0.25274572,-0.25274572,-0.25274572,-0.25274572,-0.25274572,-0.25274572,-0.25274572,-0.25274575,-0.25274575,-0.25274575,-0.25274575,-0.25274572
0.19473052,0.19473052,0.19473052,1.29577,2.3049994,2.7367802,2.7174084,2.5668302,2.3494222,1.8724685,1.1970226,0.56108385,0.6639235,2.4643087,2.4042406,2.3025484,1.9348121,1.1185058,0.38700587,-0.050032333,1.4241289,2.403775,2.8824072,2.8455176,2.783285,2.5924447,2.5101573,1.858751,0.6672413,0.18947601,0.42497623,1.0496709,1.3738245,1.1662984,0.56304353,-0.037381638,-0.4997632,-0.84107697,0.38475394,0.97814447,0.9448959,0.5634231,0.4209023,1.7397952,1.7511624,0.8470101,-0.23284504,-0.4990029,-0.7526033,-0.7784512,-0.28928745,0.12070356,0.19473052,0.19473052,0.19473052,0.19473052,0.19473052,0.19473052,0.19473052,0.19473052,0.19473052,0.19473052,0.19473052,0.19473052,0.19473052,0.19473052,0.19473052,0.19473052,0.19473052,0.19473052,0.19473052,0.19473052,0.19473052,0.19473052,0.19473052,0.19473052,0.19473052
-0.11100174,-0.11100174,-0.11100174,-0.031056123,0.20793927,0.31923732,0.7318787,0.23285173,-0.36523634,-0.45267528,-0.19806911,0.0138407,0.31489646,0.95332354,0.7527542,0.6372617,0.6726985,0.57259935,0.7250866,1.1150255,1.1195419,1.3503911,1.9100838,2.0924606,2.260141,2.3091218,2.184882,1.899285,1.6022152,0.8140143,0.30901384,-0.022219796,-0.25459266,-0.27722746,0.20872106,0.83206135,1.4420092,1.0027425,0.26063716,0.30056822,0.6243227,0.8798128,1.0402946,0.6981429,0.42820686,0.82758576,1.7055528,2.1553147,2.0207965,1.6226981,0.7020529,0.08518654,-0.11100174,-0.11100174,-0.11100174,-0.11100174,-0.11100174,-0.11100174,-0.11100174,-0.11100174,-0.11100174,-0.11100174,-0.11100174,-0.11100174,-0.11100174,-0.11100174,-0.11100174,-0.11100174,-0.11100174,-0.11100174,-0.11100174,-0.11100174,-0.111001745,-0.111001745,-0.111001745,-0.111001745,-0.11100174
-0.14283842,-0.14283842,-0.14283842,0.332477,0.4379644,0.3280997,0.9202022,1.6480509,1.9288037,2.1323805,2.2380486,2.1424181,1.7305945,0.85164464,1.1713779,1.6412252,1.7452265,1.5828577,1.2302608,0.98739994,0.6096074,0.62788224,0.707738,0.8789676,0.84566915,0.7246814,0.49545473,0.58029556,0.7088785,1.2226061,1.7755802,1.9874982,1.9666796,1.8458738,1.6870177,1.4093498,1.1279162,1.5470484,1.8031139,1.7855537,1.6022531,1.201773,0.76683044,0.8575346,1.2066224,1.5429037,1.608623,1.3803155,1.1957483,0.83859754,0.274496,-0.05269991,-0.14283842,-0.14283842,-0.14283842,-0.14283842,-0.14283842,-0.14283842,-0.14283842,-0.14283842,-0.14283842,-0.14283842,-0.14283842,-0.14283842,-0.14283842,-0.14283842,-0.14283842,-0.14283842,-0.14283842,-0.14283842,-0.14283842,-0.14283842,-0.14283842,-0.14283842,-0.14283842,-0.14283842,-0.14283842
0.25596184,0.25596184,0.25596184,1.2972748,1.675066,1.6366788,1.9478716,3.2762783,4.1131787,4.211698,3.7516975,3.106397,2.3481617,1.5152662,2.0697014,2.7264254,2.6427786,2.140876,1.1954099,0.29042727,0.5490872,0.8253797,0.6069083,0.61969507,0.38057876,0.08769766,-0.10857085,-0.041237425,-0.18074591,0.9951445,2.2928529,3.1910954,3.5565326,3.328812,2.3525317,1.0955356,-0.08771164,0.695679,2.3632908,2.5919225,2.0273268,1.0965754,0.33440426,1.4352614,2.1344197,1.6998361,0.36962742,-0.49299788,-0.7112935,-0.7626893,-0.28703892,0.13419677,0.25596184,0.25596184,0.25596184,0.25596184,0.25596184,0.25596184,0.25596184,0.25596184,0.25596184,0.25596184,0.25596184,0.25596184,0.25596184,0.25596184,0.25596184,0.25596184,0.25596184,0.25596184,0.25596184,0.25596184,0.25596184,0.25596184,0.25596184,0.25596184,0.25596184
-0.07845681,-0.07845681,-0.07845681,-0.9394219,-1.6969154,-2.0083144,-2.0235772,-1.9865588,-1.8696724,-1.5334299,-1.0267485,-0.53517973,-0.56768495,-1.8203968,-1.8115646,-1.7739925,-1.5041975,-0.88390034,-0.30158395,0.060243316,-1.0127987,-1.7382025,-2.0790029,-2.0571644,-2.0012326,-1.8469905,-1.771385,-1.3021051,-0.433951,-0.15078215,-0.39226648,-0.89047474,-1.1409872,-0.9766762,-0.49244076,0.004990806,0.39801317,0.6018352,-0.3641102,-0.8060643,-0.75344884,-0.4242278,-0.27540347,-1.2845011,-1.3331603,-0.66818345,0.16953266,0.40461844,0.6037661,0.6366972,0.28135654,-0.02249538,-0.07845681,-0.07845681,-0.07845681,-0.07845681,-0.07845681,-0.07845681,-0.07845681,-0.07845681,-0.07845681,-0.07845681,-0.07845681,-0.07845681,-0.07845681,-0.07845681,-0.07845681,-0.07845681,-0.07845681,-0.07845681,-0.07845681,-0.07845681,-0.07845682,-0.07845682,-0.07845682,-0.07845682,-0.07845681
0.21753052,0.21753052,0.21753052,1.1854159,1.7874887,1.8941195,2.5961006,3.1168208,3.1275795,3.088312,2.9659233,2.6499274,2.3730354,2.4780545,2.6965506,3.1010742,3.059443,2.5118122,1.8877716,1.566788,1.844061,2.3612182,2.8208811,3.0299833,3.018235,2.8275921,2.5319948,2.24548,1.7536391,1.8128289,2.3125336,2.6988986,2.7523935,2.5361068,2.257209,1.9036171,1.5989403,1.7324556,2.3190448,2.570662,2.4694414,1.9870043,1.5456887,2.1122065,2.376616,2.4222188,2.2641842,2.0499058,1.7164285,1.2412387,0.6446211,0.33052832,0.21753052,0.21753052,0.21753052,0.21753052,0.21753052,0.21753052,0.21753052,0.21753052,0.21753052,0.21753052,0.21753052,0.21753052,0.21753052,0.21753052,0.21753052,0.21753052,0.21753052,0.21753052,0.21753052,0.21753052,0.21753049,0.21753049,0.21753049,0.21753049,0.21753052
0.012897198,0.012897198,0.012897198,0.13685234,-0.04966407,-0.24500737,0.042954262,0.7766587,1.229601,1.4876232,1.5883411,1.5518106,1.1286827,-0.04286567,0.26517484,0.67021835,0.79845667,0.85639185,0.6731017,0.43345863,-0.09360287,-0.32928616,-0.5485992,-0.48170862,-0.5545311,-0.62726384,-0.73400474,-0.46040037,-0.061398737,0.6676301,1.2048945,1.3679429,1.3792136,1.3356366,1.1528449,0.83553654,0.49509653,1.0112064,1.2528132,1.1231016,0.88178,0.5693106,0.22375837,0.18330032,0.52693367,0.78203225,0.7028054,0.4232123,0.38042742,0.26884836,0.10715304,0.021242473,0.012897198,0.012897198,0.012897198,0.012897198,0.012897198,0.012897198,0.012897198,0.012897198,0.012897198,0.012897198,0.012897198,0.012897198,0.012897198,0.012897198,0.012897198,0.012897198,0.012897198,0.012897198,0.012897198,0.012897198,0.012897193,0.012897193,0.012897193,0.012897193,0.012897198
-0.07071696,-0.07071696,-0.07071696,0.26710096,0.43540257,0.47764587,0.33608732,0.6820925,0.9980408,0.9518819,0.64533436,0.3406296,0.13688932,0.1349586,0.28803393,0.39013177,0.2830982,0.08905843,-0.25295126,-0.6264418,-0.2878146,-0.14597864,-0.31672943,-0.40197438,-0.517174,-0.6151853,-0.6074205,-0.6128321,-0.7482193,-0.35403636,0.08117598,0.47030887,0.6847873,0.620711,0.15987462,-0.3963108,-0.90576285,-0.68638825,0.095567614,0.23453963,0.016223446,-0.29771253,-0.49806553,0.0683045,0.28106153,-0.13029629,-0.89953464,-1.257072,-1.2812319,-1.1276981,-0.58170563,-0.18487892,-0.07071696,-0.07071696,-0.07071696,-0.07071696,-0.07071696,-0.07071696,-0.07071696,-0.07071696,-0.07071696,-0.07071696,-0.07071696,-0.07071696,-0.07071696,-0.07071696,-0.07071696,-0.07071696,-0.07071696,-0.07071696,-0.07071696,-0.07071696,-0.07071696,-0.07071696,-0.07071696,-0.07071696,-0.07071696
0.31427893,0.31427893,0.31427893,0.52631944,0.38666803,0.17495114,0.7646854,1.5293728,1.8561978,2.1490438,2.3905036,2.4277053,1.9985653,0.74612063,1.050929,1.561661,1.7534615,1.7721496,1.5876757,1.4400581,0.75619525,0.5648083,0.5506728,0.7302539,0.7103309,0.6308701,0.43040597,0.65253943,1.02097,1.6120975,2.0968072,2.1678553,2.0769799,2.0052557,1.9819944,1.8442922,1.666511,2.1453962,2.1503792,1.9997971,1.8278825,1.5293772,1.142432,0.94250697,1.2699696,1.7829732,2.0714579,1.9008166,1.7747993,1.4407005,0.80912834,0.4167386,0.31427893,0.31427893,0.31427893,0.31427893,0.31427893,0.31427893,0.31427893,0.31427893,0.31427893,0.31427893,0.31427893,0.31427893,0.31427893,0.31427893,0.31427893,0.31427893,0.31427893,0.31427893,0.31427893,0.31427893,0.31427896,0.31427896,0.31427896,0.31427896,0.31427893
0.17539972,0.17539972,0.17539972,-0.073370226,-0.23917913,-0.30697685,-0.12471528,-0.2822822,-0.47393483,-0.39569703,-0.124505155,0.11905728,0.21561275,0.027435599,-0.051783923,-0.05730509,0.055527978,0.21801102,0.46486276,0.73377544,0.3682759,0.221055,0.34134036,0.42943192,0.51445884,0.5809971,0.5523212,0.5953468,0.76155585,0.54547375,0.27445674,-0.020102592,-0.19847359,-0.15549989,0.19871545,0.61054206,0.9786642,0.8791877,0.27419716,0.13960816,0.28265774,0.48945484,0.59505284,0.120695285,-0.00014043915,0.38744402,1.0191602,1.2701751,1.2767574,1.1213008,0.6272124,0.27513185,0.17539972,0.17539972,0.17539972,0.17539972,0.17539972,0.17539972,0.17539972,0.17539972,0.17539972,0.17539972,0.17539972,0.17539972,0.17539972,0.17539972,0.17539972,0.17539972,0.17539972,0.17539972,0.17539972,0.17539972,0.1753997,0.1753997,0.1753997,0.1753997,0.17539972
-0.17832828,-0.17832828,-0.17832828,0.9005611,1.5663301,1.710744,2.1483767,2.7971427,3.0297837,2.9452984,2.587885,2.0816278,1.7188102,1.8947856,2.1912193,2.5617888,2.4228308,1.8047423,1.0186869,0.4654996,1.0118672,1.5729234,1.8215908,1.9164363,1.8174981,1.585825,1.3523798,1.091369,0.5516817,0.88009405,1.6154227,2.2448356,2.465751,2.2363448,1.6376795,0.90719736,0.26147643,0.51705515,1.6182696,1.954039,1.7080549,1.0669311,0.5580408,1.4996822,1.8750578,1.5602839,0.8053642,0.3567838,0.06457432,-0.1986951,-0.24395448,-0.17888647,-0.17832828,-0.17832828,-0.17832828,-0.17832828,-0.17832828,-0.17832828,-0.17832828,-0.17832828,-0.17832828,-0.17832828,-0.17832828,-0.17832828,-0.17832828,-0.17832828,-0.17832828,-0.17832828,-0.17832828,-0.17832828,-0.17832828,-0.17832828,-0.17832828,-0.17832828,-0.17832828,-0.17832828,-0.17832828
-0.14030536,-0.14030536,-0.14030536,-0.5993873,-0.9659648,-1.0971979,-1.1964272,-1.2607504,-1.2232761,-1.0882573,-0.87392277,-0.6395018,-0.61098003,-1.0995729,-1.1243404,-1.1708078,-1.0631077,-0.7515938,-0.4422854,-0.25577116,-0.70559365,-1.0527087,-1.2431859,-1.2624861,-1.2379047,-1.1519659,-1.0846366,-0.867776,-0.46796396,-0.37177193,-0.535945,-0.7822471,-0.88745695,-0.7953941,-0.5679008,-0.32438156,-0.12662198,-0.06962827,-0.5293271,-0.73192275,-0.69524807,-0.5027783,-0.38537544,-0.8518171,-0.9069779,-0.65312403,-0.30158275,-0.17766215,-0.056886718,0.015705597,-0.05096206,-0.13235568,-0.14030536,-0.14030536,-0.14030536,-0.14030536,-0.14030536,-0.14030536,-0.14030536,-0.14030536,-0.14030536,-0.14030536,-0.14030536,-0.14030536,-0.14030536,-0.14030536,-0.14030536,-0.14030536,-0.14030536,-0.14030536,-0.14030536,-0.14030536,-0.14030534,-0.14030534,-0.14030534,-0.14030534,-0.14030536
-0.0022554812,-0.0022554812,-0.0022554812,0.33749077,0.5339857,0.55970603,0.81088406,1.0336372,1.0692141,1.0731066,1.0354779,0.92398775,0.8021887,0.76408845,0.8621292,1.020521,1.0116004,0.8285282,0.60242057,0.47520092,0.53894407,0.6993361,0.83598286,0.9087045,0.8987607,0.82918096,0.72232926,0.6435017,0.5038827,0.5771931,0.7855378,0.93097085,0.9525622,0.8760556,0.7644568,0.6176527,0.48743755,0.568493,0.7882174,0.8671953,0.81504524,0.62745446,0.45356426,0.6493934,0.7644731,0.7921629,0.72528106,0.63165325,0.51663625,0.35050842,0.1431491,0.03498464,-0.0022554812,-0.0022554812,-0.0022554812,-0.0022554812,-0.0022554812,-0.0022554812,-0.0022554812,-0.0022554812,-0.0022554812,-0.0022554812,-0.0022554812,-0.0022554812,-0.0022554812,-0.0022554812,-0.0022554812,-0.0022554812,-0.0022554812,-0.0022554812,-0.0022554812,-0.0022554812,-0.0022554994,-0.0022554994,-0.0022554994,-0.0022554994,-0.0022554812
-0.08442963,-0.08442963,-0.08442963,-0.20386937,-0.69496626,-1.0803773,-0.41043255,0.5216995,0.98583776,1.4951842,2.0014267,2.2589629,1.7234125,-0.34768704,0.046368357,0.6508231,0.98753047,1.2879235,1.316866,1.2868736,-0.0053013097,-0.5668646,-0.77042955,-0.5592553,-0.5654058,-0.5919723,-0.7963418,-0.30963576,0.53953236,1.4177686,1.9159209,1.7966958,1.5890821,1.5761241,1.7382989,1.7616379,1.6974096,2.3821545,1.9788711,1.606804,1.4101609,1.1793295,0.770616,0.105582766,0.49631113,1.3918196,2.0722628,1.9562848,1.9010313,1.5284809,0.6407776,0.054476,-0.08442963,-0.08442963,-0.08442963,-0.08442963,-0.08442963,-0.08442963,-0.08442963,-0.08442963,-0.08442963,-0.08442963,-0.08442963,-0.08442963,-0.08442963,-0.08442963,-0.08442963,-0.08442963,-0.08442963,-0.08442963,-0.08442963,-0.08442963,-0.08442968,-0.08442968,-0.08442968,-0.08442968,-0.08442963
-0.11737588,-0.11737588,-0.11737588,0.21464503,0.67335075,0.92570734,0.7926947,0.36190432,0.04482915,-0.24544576,-0.51744395,-0.7115026,-0.45968574,0.7559295,0.5868567,0.3419093,0.14953761,-0.16672839,-0.32868877,-0.3500376,0.41611186,0.8783135,1.1667026,1.1266717,1.1463237,1.1174462,1.1336609,0.76531404,0.1526416,-0.3879023,-0.5807745,-0.45302987,-0.3536377,-0.40631863,-0.5117546,-0.5473563,-0.5218814,-0.90334165,-0.62592703,-0.35345843,-0.2373347,-0.21443093,-0.09463267,0.3734556,0.20634569,-0.21332303,-0.51687807,-0.45719987,-0.5296364,-0.5024854,-0.2961104,-0.13959609,-0.11737588,-0.11737588,-0.11737588,-0.11737588,-0.11737588,-0.11737588,-0.11737588,-0.11737588,-0.11737588,-0.11737588,-0.11737588,-0.11737588,-0.11737588,-0.11737588,-0.11737588,-0.11737588,-0.11737588,-0.11737588,-0.11737588,-0.11737588,-0.11737589,-0.11737589,-0.11737589,-0.11737589,-0.11737588
-0.013093758,-0.013093758,-0.013093758,0.39218897,0.7822334,0.9562133,0.9252338,0.82589793,0.7227328,0.5312546,0.27111366,0.034515377,0.09630905,0.8344954,0.7989794,0.7322023,0.5846446,0.27711245,0.013021441,-0.13916864,0.44331023,0.82071155,1.0045913,0.9838273,0.9632691,0.8963214,0.8725988,0.6159588,0.15224166,-0.059587706,0.001952863,0.22929505,0.35247427,0.27763766,0.057630155,-0.15501605,-0.31336743,-0.4668255,-0.01859554,0.21151982,0.21021923,0.08219822,0.04712947,0.54691786,0.5350608,0.17884846,-0.22827159,-0.31479955,-0.40526268,-0.40504992,-0.20608829,-0.043254677,-0.013093758,-0.013093758,-0.013093758,-0.013093758,-0.013093758,-0.013093758,-0.013093758,-0.013093758,-0.013093758,-0.013093758,-0.013093758,-0.013093758,-0.013093758,-0.013093758,-0.013093758,-0.013093758,-0.013093758,-0.013093758,-0.013093758,-0.013093758,-0.013093762,-0.013093762,-0.013093762,-0.013093762,-0.013093758
0.12750281,0.12750281,0.12750281,-0.12084454,-0.21428166,-0.22170703,-0.13084497,-0.46460357,-0.75677395,-0.7550981,-0.53954345,-0.31357527,-0.11627073,0.027704107,-0.1224875,-0.23405325,-0.16803028,-0.04171163,0.223676,0.52618164,0.3408085,0.2750099,0.443404,0.50561845,0.6010439,0.67879736,0.67922044,0.64316994,0.683394,0.29737547,-0.08441575,-0.38875696,-0.5510106,-0.5024879,-0.13882208,0.3115416,0.7296295,0.50453246,-0.098340005,-0.18234946,0.009156038,0.27351362,0.45654085,0.046720948,-0.15039448,0.12958847,0.715482,1.0133181,1.0283873,0.9152346,0.5106334,0.21538633,0.12750281,0.12750281,0.12750281,0.12750281,0.12750281,0.12750281,0.12750281,0.12750281,0.12750281,0.12750281,0.12750281,0.12750281,0.12750281,0.12750281,0.12750281,0.12750281,0.12750281,0.12750281,0.12750281,0.12750281,0.12750283,0.12750283,0.12750283,0.12750283,0.12750281
0.081223786,0.081223786,0.081223786,0.918734,1.7120416,2.044041,2.1837142,1.9826354,1.6780082,1.327248,0.9246825,0.52531594,0.6566392,2.0613663,1.9836214,1.9079896,1.6623652,1.0425404,0.54165465,0.3243034,1.3509325,2.11435,2.616822,2.652528,2.6531045,2.5232484,2.414899,1.8764707,0.9534777,0.42580056,0.48763147,0.85328346,1.017658,0.8557192,0.5520934,0.28128454,0.105009325,-0.23409863,0.44657505,0.87938017,0.93468124,0.70856065,0.62386256,1.4731002,1.4283408,0.91842,0.40008867,0.32213843,0.09199788,-0.061269276,-0.00811969,0.08935009,0.081223786,0.081223786,0.081223786,0.081223786,0.081223786,0.081223786,0.081223786,0.081223786,0.081223786,0.081223786,0.081223786,0.081223786,0.081223786,0.081223786,0.081223786,0.081223786,0.081223786,0.081223786,0.081223786,0.081223786,0.081223756,0.081223756,0.081223756,0.081223756,0.081223786
-0.21926226,-0.21926226,-0.21926226,-0.4986974,-0.47484902,-0.38378668,-0.3755393,-1.0703708,-1.6084671,-1.7151387,-1.5124105,-1.2479831,-0.84620285,-0.15713058,-0.43842506,-0.74614054,-0.7368633,-0.64593697,-0.29399097,0.14582182,0.17598619,0.22858275,0.53329813,0.5827496,0.7243325,0.8377056,0.8657631,0.69064254,0.5473346,-0.2027336,-0.84820557,-1.2487941,-1.4369175,-1.3741814,-0.8917639,-0.2561859,0.35991842,-0.11526826,-0.8983738,-0.92107886,-0.6003145,-0.1918261,0.14228103,-0.27885917,-0.6343662,-0.41458187,0.29156062,0.749251,0.7687214,0.6567138,0.21398984,-0.11508111,-0.21926226,-0.21926226,-0.21926226,-0.21926226,-0.21926226,-0.21926226,-0.21926226,-0.21926226,-0.21926226,-0.21926226,-0.21926226,-0.21926226,-0.21926226,-0.21926226,-0.21926226,-0.21926226,-0.21926226,-0.21926226,-0.21926226,-0.21926226,-0.21926226,-0.21926226,-0.21926226,-0.21926226,-0.21926226
0.05895296,0.05895296,0.05895296,0.6997902,1.4929994,1.8831425,1.9718286,1.3309786,0.71091443,0.28128597,-0.02447989,-0.27444524,0.11157902,1.9721026,1.7091371,1.427975,1.1787271,0.622462,0.34389645,0.3848647,1.466201,2.2577324,2.9188194,2.9654198,3.0450764,2.9870837,2.9165564,2.2748466,1.2586775,0.27581662,-0.06265291,0.067994006,0.13353594,0.016853318,-0.012725536,0.08457261,0.26537907,-0.37034848,-0.13039465,0.29174063,0.53694606,0.56991994,0.7073938,1.3225763,1.051534,0.62475145,0.4769543,0.6656979,0.46326786,0.2853986,0.15918717,0.114121154,0.05895296,0.05895296,0.05895296,0.05895296,0.05895296,0.05895296,0.05895296,0.05895296,0.05895296,0.05895296,0.05895296,0.05895296,0.05895296,0.05895296,0.05895296,0.05895296,0.05895296,0.05895296,0.05895296,0.05895296,0.058952972,0.058952972,0.058952972,0.058952972,0.05895296
-0.21561103,-0.21561103,-0.21561103,-0.4155668,-0.9618243,-1.3574378,-0.7791237,0.12972082,0.62655085,1.1429423,1.6406746,1.9101816,1.3834091,-0.71991813,-0.32905403,0.23741598,0.56995904,0.919359,0.98921144,0.9619059,-0.34403405,-0.9592773,-1.2380396,-1.0586349,-1.074396,-1.0875827,-1.2593079,-0.7340365,0.17168812,1.0923765,1.5791013,1.4506091,1.2553741,1.2614639,1.4135627,1.4246688,1.3473425,2.0450518,1.639747,1.2485895,1.0409516,0.83272326,0.45154583,-0.23192817,0.15403245,1.0154912,1.6490246,1.5238324,1.5053353,1.1984125,0.42031813,-0.09941827,-0.21561103,-0.21561103,-0.21561103,-0.21561103,-0.21561103,-0.21561103,-0.21561103,-0.21561103,-0.21561103,-0.21561103,-0.21561103,-0.21561103,-0.21561103,-0.21561103,-0.21561103,-0.21561103,-0.21561103,-0.21561103,-0.21561103,-0.21561103,-0.21561101,-0.21561101,-0.21561101,-0.21561101,-0.21561103
-0.21555425,-0.21555425,-0.21555425,0.31491172,0.65948015,0.72724676,1.1001192,1.3554567,1.3488567,1.3303518,1.2699327,1.1058136,0.9661903,1.0429775,1.1698381,1.3627323,1.3318694,1.0347974,0.70008785,0.53529525,0.68820983,0.9693834,1.21543,1.3255845,1.3216348,1.2216531,1.058957,0.9007327,0.63914424,0.66750085,0.9309009,1.1360282,1.1636813,1.0464737,0.9000339,0.7141631,0.5592412,0.6256796,0.92154324,1.0623641,1.0124679,0.75054866,0.51270396,0.81887877,0.9633728,0.9947583,0.9217635,0.81551045,0.63576466,0.37231168,0.03014357,-0.15249671,-0.21555425,-0.21555425,-0.21555425,-0.21555425,-0.21555425,-0.21555425,-0.21555425,-0.21555425,-0.21555425,-0.21555425,-0.21555425,-0.21555425,-0.21555425,-0.21555425,-0.21555425,-0.21555425,-0.21555425,-0.21555425,-0.21555425,-0.21555425,-0.2155543,-0.2155543,-0.2155543,-0.2155543,-0.21555425
0.060043715,0.060043715,0.060043715,0.44855317,0.7275325,0.8186208,0.8706644,1.0126595,1.0677012,0.97678035,0.77331525,0.5506386,0.47347185,0.76105404,0.8220399,0.8895984,0.7991687,0.5487934,0.2606973,0.048914388,0.40331784,0.66037285,0.7482207,0.7472798,0.7046578,0.62325984,0.5737331,0.4347886,0.15007608,0.19249463,0.41386622,0.666987,0.7822016,0.7043038,0.44914973,0.15847121,-0.09214142,-0.06649249,0.41329783,0.5750424,0.49672738,0.2888547,0.15383229,0.58513165,0.67984915,0.43507177,0.038505487,-0.1286799,-0.21835315,-0.24313144,-0.09748184,0.03248449,0.060043715,0.060043715,0.060043715,0.060043715,0.060043715,0.060043715,0.060043715,0.060043715,0.060043715,0.060043715,0.060043715,0.060043715,0.060043715,0.060043715,0.060043715,0.060043715,0.060043715,0.060043715,0.060043715,0.060043715,0.060043707,0.060043707,0.060043707,0.060043707,0.060043715
0.12480891,0.12480891,0.12480891,0.02218752,-0.1470587,-0.25176415,-0.13078259,0.062191788,0.17067304,0.2946314,0.42798492,0.51399714,0.40414608,-0.1065366,-0.034367096,0.09351233,0.18308525,0.29535326,0.34953925,0.36790437,0.031978812,-0.13970296,-0.21285856,-0.17259353,-0.17170098,-0.16482747,-0.19329655,-0.056839783,0.17892858,0.3771374,0.45656723,0.39561468,0.33808982,0.3506558,0.4163271,0.45550296,0.46736753,0.61970866,0.47691643,0.36622822,0.32873777,0.3128437,0.2482504,0.039386395,0.109767064,0.3272011,0.5122743,0.5024187,0.51114225,0.45242196,0.27542993,0.1524348,0.12480891,0.12480891,0.12480891,0.12480891,0.12480891,0.12480891,0.12480891,0.12480891,0.12480891,0.12480891,0.12480891,0.12480891,0.12480891,0.12480891,0.12480891,0.12480891,0.12480891,0.12480891,0.12480891,0.12480891,0.124808915,0.124808915,0.124808915,0.124808915,0.12480891
-0.024307122,-0.024307122,-0.024307122,0.24988137,0.37197012,0.3452287,0.77187777,1.018293,0.9995791,1.078685,1.2007596,1.2055794,1.07262,0.7952823,0.90388525,1.1229607,1.1875988,1.0711856,0.9255585,0.90368366,0.7134419,0.7917464,0.9930328,1.1341643,1.1628519,1.1116964,0.9573781,0.91957366,0.8971083,0.94364166,1.0940235,1.115814,1.0416377,0.9712566,1.0204948,1.0458777,1.0650833,1.1610178,1.0978003,1.1013577,1.0948787,0.9555759,0.7722933,0.7299437,0.8365314,1.1184384,1.3907433,1.3938072,1.2583467,0.9615916,0.41580373,0.076951265,-0.024307122,-0.024307122,-0.024307122,-0.024307122,-0.024307122,-0.024307122,-0.024307122,-0.024307122,-0.024307122,-0.024307122,-0.024307122,-0.024307122,-0.024307122,-0.024307122,-0.024307122,-0.024307122,-0.024307122,-0.024307122,-0.024307122,-0.024307122,-0.024307132,-0.024307132,-0.024307132,-0.024307132,-0.024307122
-0.10986887,-0.10986887,-0.10986887,-0.51984173,-1.0467403,-1.3433897,-1.0533446,-0.6368354,-0.39134514,-0.028300414,0.40782478,0.72839475,0.4839452,-0.93836945,-0.76271677,-0.48618865,-0.22675237,0.16267255,0.41992727,0.5621564,-0.4513762,-0.99789584,-1.2246883,-1.1217831,-1.0994008,-1.0459074,-1.1053518,-0.6991682,0.033058666,0.52876496,0.6411352,0.37771675,0.18004988,0.24268776,0.5205174,0.7443188,0.8866008,1.2672058,0.6785326,0.33201775,0.2711816,0.30946392,0.19392283,-0.52148557,-0.37272495,0.30140615,0.9581947,1.0104902,1.0682462,0.9144773,0.36687884,-0.023707492,-0.10986887,-0.10986887,-0.10986887,-0.10986887,-0.10986887,-0.10986887,-0.10986887,-0.10986887,-0.10986887,-0.10986887,-0.10986887,-0.10986887,-0.10986887,-0.10986887,-0.10986887,-0.10986887,-0.10986887,-0.10986887,-0.10986887,-0.10986887,-0.10986887,-0.10986887,-0.10986887,-0.10986887,-0.10986887
0.034746286,0.034746286,0.034746286,-0.08241975,-0.12290066,-0.16900267,0.35400692,0.12383893,-0.29114196,-0.1980629,0.23599866,0.5734133,0.7191453,0.6038209,0.5046741,0.5519349,0.71236455,0.8028921,1.0550715,1.4664862,0.9864932,0.937999,1.3409631,1.5588194,1.7193604,1.7852774,1.6429123,1.5783945,1.6531291,1.1821839,0.78988504,0.37135562,0.06831849,0.07557529,0.6415059,1.3041247,1.9136657,1.7044156,0.77138203,0.6416257,0.90073746,1.1446579,1.2286116,0.5837263,0.41363078,1.0937223,2.1917908,2.6148455,2.5170178,2.0823503,0.9934047,0.25323853,0.034746286,0.034746286,0.034746286,0.034746286,0.034746286,0.034746286,0.034746286,0.034746286,0.034746286,0.034746286,0.034746286,0.034746286,0.034746286,0.034746286,0.034746286,0.034746286,0.034746286,0.034746286,0.034746286,0.034746286,0.03474629,0.03474629,0.03474629,0.03474629,0.034746286
-0.2157171,-0.2157171,-0.2157171,-0.8361842,-1.2965621,-1.4833704,-1.2487373,-1.4762899,-1.7071753,-1.48085,-0.93309927,-0.4276861,-0.29902261,-0.96593153,-1.0561965,-1.0804895,-0.845427,-0.41448027,0.12009186,0.61623794,-0.24502194,-0.69205993,-0.6513232,-0.5280913,-0.39168066,-0.24568316,-0.263047,-0.046295207,0.48411584,0.29063848,-0.1621981,-0.73391503,-1.0620123,-0.9484359,-0.3003867,0.4300796,1.071362,1.0037087,-0.16897471,-0.49693492,-0.28159785,0.10637495,0.2980507,-0.6883089,-0.86333793,-0.10176194,1.0531178,1.4824646,1.5599017,1.3520682,0.5370583,-0.059347518,-0.2157171,-0.2157171,-0.2157171,-0.2157171,-0.2157171,-0.2157171,-0.2157171,-0.2157171,-0.2157171,-0.2157171,-0.2157171,-0.2157171,-0.2157171,-0.2157171,-0.2157171,-0.2157171,-0.2157171,-0.2157171,-0.2157171,-0.2157171,-0.21571709,-0.21571709,-0.21571709,-0.21571709,-0.2157171
-0.15738416,-0.15738416,-0.15738416,0.06256454,0.17216182,0.17339498,0.35330233,0.5446483,0.6010956,0.6301801,0.6227313,0.5572382,0.44862813,0.32157683,0.41395286,0.5367965,0.54085994,0.4358804,0.28448963,0.19139613,0.17745215,0.25217253,0.31521025,0.36569628,0.35488442,0.30771908,0.23053633,0.20719853,0.16371217,0.27330717,0.44514516,0.54419166,0.5557098,0.5051811,0.42595112,0.31359014,0.2108081,0.30535358,0.44516414,0.4818322,0.4310968,0.28873,0.15126804,0.26142153,0.36365166,0.41265017,0.37779656,0.30164865,0.22760013,0.11043416,-0.047020417,-0.13168,-0.15738416,-0.15738416,-0.15738416,-0.15738416,-0.15738416,-0.15738416,-0.15738416,-0.15738416,-0.15738416,-0.15738416,-0.15738416,-0.15738416,-0.15738416,-0.15738416,-0.15738416,-0.15738416,-0.15738416,-0.15738416,-0.15738416,-0.15738416,-0.15738416,-0.15738416,-0.15738416,-0.15738416,-0.15738416
-0.103632644,-0.103632644,-0.103632644,-0.30716464,-0.7026778,-0.9718391,-0.5627788,-0.0381243,0.22205314,0.57031775,0.96104014,1.2017606,0.89867413,-0.4819571,-0.25859943,0.092924744,0.334193,0.60471684,0.7228542,0.7832465,-0.14505976,-0.57897204,-0.7260263,-0.59035826,-0.5765901,-0.5646657,-0.67851245,-0.33240002,0.29025367,0.8113186,1.0389874,0.872718,0.6995373,0.71720994,0.9139431,1.038272,1.0944064,1.5061264,1.0766201,0.7902678,0.69980204,0.6297867,0.42225254,-0.14574812,0.062286016,0.71345687,1.2902664,1.2829552,1.276126,1.0432907,0.4197505,-0.0035986782,-0.103632644,-0.103632644,-0.103632644,-0.103632644,-0.103632644,-0.103632644,-0.103632644,-0.103632644,-0.103632644,-0.103632644,-0.103632644,-0.103632644,-0.103632644,-0.103632644,-0.103632644,-0.103632644,-0.103632644,-0.103632644,-0.103632644,-0.103632644,-0.103632644,-0.103632644,-0.103632644,-0.103632644,-0.103632644
-0.18197437,-0.18197437,-0.18197437,-0.30786735,-0.35923618,-0.3742601,-0.25717846,-0.42031386,-0.59105694,-0.55986476,-0.3918622,-0.23770843,-0.14358976,-0.1504958,-0.20950192,-0.25249827,-0.19882964,-0.12085835,0.031104583,0.21936075,0.038098868,-0.01663341,0.09458019,0.15200022,0.21452448,0.25859177,0.23409712,0.22593993,0.28643593,0.087969996,-0.11626064,-0.30793735,-0.42334694,-0.4009174,-0.16425534,0.118235804,0.38029686,0.27518868,-0.13167398,-0.19422266,-0.08216396,0.05626551,0.13509472,-0.14644395,-0.23992598,-0.0011964707,0.41912663,0.6039613,0.5988592,0.48219782,0.13353258,-0.11178483,-0.18197437,-0.18197437,-0.18197437,-0.18197437,-0.18197437,-0.18197437,-0.18197437,-0.18197437,-0.18197437,-0.18197437,-0.18197437,-0.18197437,-0.18197437,-0.18197437,-0.18197437,-0.18197437,-0.18197437,-0.18197437,-0.18197437,-0.18197437,-0.18197438,-0.18197438,-0.18197438,-0.18197438,-0.18197437
0.08049317,0.08049317,0.08049317,0.21778274,0.35921893,0.41365144,0.5291311,0.45257622,0.3237952,0.27121,0.26720443,0.24784553,0.29802376,0.5477392,0.51293373,0.5091482,0.4906622,0.38818002,0.3364513,0.36498255,0.48037618,0.61812097,0.7839132,0.82803583,0.8554735,0.84185714,0.79803383,0.68389195,0.51841575,0.3347329,0.27803892,0.27598408,0.25570253,0.2264314,0.26541498,0.32764307,0.39810225,0.29635468,0.26912388,0.32906038,0.38413835,0.38454977,0.38439468,0.43602702,0.3964852,0.41308388,0.50006497,0.5571291,0.49682024,0.39527416,0.22393113,0.11891608,0.08049317,0.08049317,0.08049317,0.08049317,0.08049317,0.08049317,0.08049317,0.08049317,0.08049317,0.08049317,0.08049317,0.08049317,0.08049317,0.08049317,0.08049317,0.08049317,0.08049317,0.08049317,0.08049317,0.08049317,0.08049317,0.08049317,0.08049317,0.08049317,0.08049317
